"Var1"
0.036091001
0.010280046
0.017810191
0.04945579
0.0085564052
0.0018765892
0.0019697484
0.025738257
0.02602701
0.031523203
0.039431096
0.023365382
0.045372845
0.015704743
0.034638336
0.051585134
0.033379762
0.035835357
0.025221321
0.0025960131
0.032723998
0.027021472
0.045325071
0.033072123
0.052918019
0.001964553
0.019497238
0.0051870754
0.014906308
0.033567465
0.010283492
0.0072053643
0.046230268
0.030141246
0.12
0.445
0.769
0.947
1.027
1.06
1.072
1.078
1.081
1.082
1.08
1.077
1.075
1.079
1.087
1.093
1.091
1.086
1.08
1.076
1.078
1.081
1.081
1.08
1.082
1.084
1.082
1.078
1.078
1.079
1.083
1.088
1.089
1.087
1.087
1.089
1.088
1.087
1.086
1.086
0.965
0.643
0.321
0.144
0.062
0.045951851
0.058448866
0.019233244
0.037246323
0.018938541
0.026825213
0.04156537
0.024134732
0.012984811
0.042524802
0.026193703
0.010082932
0.024144642
0.007900423
0.02069332
0.013736901
0.040741176
0.022086113
0.024456522
0.031824587
0.01260515
-0.0065246652
-0.0012234839
0.03301756
0.038831447
0.01689689
0.042221155
0.019620814
0.011085654
0.12
0.446
0.772
0.955
1.043
1.082
1.096
0.978
0.655
0.333
0.153
0.068
0.058664944
0.048090825
0.015238165
0.0058206285
0.011546653
0.0049040578
0.011745922
0.033174488
