"Var1"
0.44
0.39
0.34
0.4
0.37
0.35
0.36
0.37
0.43
0.42
0.41
0.44
0.47
0.45
0.42
0.41
0.4
0.4
0.34
0.34
0.39
0.43
0.4
0.37
0.36
0.4
0.44
0.45
0.46
0.41
0.35
0.36
0.36
0.36
0.37
0.35
0.34
0.42
1.48
2.54
2.27
2.01
1.8
1.6
1.72
1.85
1.95
1.67
1.38
1.3
1.21
1.21
1.15
1.15
0.72
0.3
0.3
0.26
0.24
0.24
0.21
0.19
0.19
0.19
0.19
0.2
0.2
0.21
0.22
0.22
0.27
0.27
0.64
1.01
0.63
0.25
0.31
0.3
0.29
0.25
0.2
0.31
0.42
0.33
0.23
0.37
0.32
0.27
0.27
0.2
0.31
0.31
0.49
0.67
0.88
1.08
1.21
1.04
0.87
0.56
0.26
0.26
0.27
0.27
0.23
0.2
0.21
0.19
0.16
0.23
0.3
0.3
0.3
0.2
0.45
0.69
0.61
0.53
0.48
0.42
0.4
0.37
0.77
1.17
1.36
1.55
1.94
2.33
2.24
1.88
1.52
1.41
1.31
1.22
1.28
1.35
1.32
1.38
1.44
1.43
1.42
1.43
2.09
2.75
