"Var1"
0.23
0.25
0.25
0.23
0.21
0.19
0.18
0.2
0.21
0.23
0.24
0.24
0.23
0.2
0.19
0.18
0.19
0.21
0.23
0.24
0.23
0.22
0.21
0.19
0.18
0.19
0.22
0.23
0.24
0.23
0.22
0.21
0.2
0.19
0.19
0.21
0.23
0.24
0.22
0.21
0.22
0.53
0.69
0.55
0.26
0.65
1.05
1.2
1.35
1.29
1.24
1.21
1.21
1.26
0.96
0.66
0.42
0.18
0.21
0.21
0.17
0.16
0.19
0.24
0.25
0.23
0.23
0.25
0.25
0.23
0.23
0.23
0.26
0.3
0.34
0.89
1.44
0.88
0.32
0.22
0.23
0.26
0.3
0.29
0.23
0.33
0.42
0.37
0.31
0.28
0.31
0.36
0.42
0.37
0.37
0.37
0.34
0.31
0.27
0.35
0.43
0.45
0.45
1.43
1.43
1.52
1.61
1.38
1.34
1.3
1.38
0.98
0.58
0.37
0.17
0.24
0.32
0.24
0.23
0.28
1.58
2.88
1.95
1.02
0.96
0.88
1.61
2.33
3.47
4.6
2.94
2.12
1.3
1.2
1.1
1.29
1.48
3.2
2.3
1.4
1.33
1.28
0.91
0.54
