"Var1"
0.23
0.28
0.3
0.28
0.27
0.28
0.29
0.28
0.3
0.34
0.35
0.31
0.31
0.31
0.28
0.25
0.26
0.26
0.26
0.24
0.26
0.29
0.33
0.32
0.33
0.33
0.3
0.27
0.27
0.28
0.28
0.27
0.29
0.27
0.26
0.29
0.36
0.37
0.31
0.23
1.65
3.08
2.42
1.77
1.85
1.93
1.85
1.77
1.58
2.09
2.6
2.08
1.57
1.54
1.96
2.38
2.09
1.81
1.84
1.86
1.86
1.85
1.84
1.87
1.89
1.88
1.86
1.89
1.73
1.56
1.56
1.43
1.43
1.34
1.34
1.41
1.43
1.45
1.46
1.46
1.44
1.41
1.39
1.39
1.38
1.38
1.21
0.8
0.34
0.29
0.31
0.38
0.41
0.39
0.35
0.37
0.38
0.34
0.35
0.4
0.4
0.33
0.29
0.31
0.33
0.32
0.34
0.36
0.36
0.34
0.34
0.33
0.33
0.33
0.36
0.86
1.35
0.95
0.55
0.48
0.41
0.38
0.41
0.38
0.34
0.32
0.36
0.34
0.32
0.31
0.5
0.69
1.08
1.48
1.2
0.93
0.63
0.34
0.41
1.22
2.04
1.62
0.98
0.33
