"Var1"
0.22
0.22
0.25
0.29
0.24
0.24
0.29
0.31
0.33
0.27
0.26
0.29
0.3
0.26
0.23
0.26
0.29
0.29
0.25
0.24
0.27
0.32
0.33
0.31
0.29
0.29
0.29
0.26
0.25
0.26
0.79
1.32
1.32
1.33
1.36
1.01
0.67
0.49
0.3
0.29
0.27
0.25
0.26
0.28
0.27
0.25
0.24
0.26
0.29
0.27
0.24
0.25
0.32
0.36
0.32
0.26
0.25
0.29
0.29
0.25
0.22
0.22
0.25
0.28
0.23
0.22
0.24
0.28
0.32
0.28
0.27
0.29
0.26
0.23
0.22
0.25
0.29
0.29
0.24
0.23
0.27
0.3
0.3
0.3
0.31
0.32
0.3
0.26
0.24
0.26
0.28
0.28
0.25
0.26
0.29
0.47
0.65
1.01
1.37
1.38
1.36
0.99
0.62
0.46
0.31
0.26
0.24
0.26
0.28
0.27
0.24
0.24
0.28
0.31
0.32
0.29
0.28
0.28
0.27
0.24
0.23
0.27
0.29
0.27
0.23
0.24
0.29
0.31
0.29
0.29
0.31
0.31
0.29
0.24
0.22
0.24
0.25
0.27
0.24
0.24
0.29
0.26
0.24
0.25
