"Var1"
0.28
0.24
0.19
0.19
0.18
0.2
0.21
0.63
1.05
1.26
1.02
0.78
0.5
0.22
0.16
0.17
0.17
0.21
0.25
0.23
0.2
0.21
0.24
0.27
0.19
0.11
0.14
0.18
0.23
0.21
0.2
0.2
0.19
0.19
0.18
0.16
0.16
0.19
0.22
0.33
0.33
0.61
0.61
0.61
1.34
1.34
1.35
1.36
1.36
1.37
1.36
1.35
1.25
1.28
1.31
1.32
0.85
0.37
0.35
0.32
0.26
0.21
0.18
0.14
0.14
0.36
0.36
0.39
0.42
0.37
0.32
0.28
0.24
0.69
1.14
0.78
0.42
0.56
0.54
0.52
0.48
0.43
0.27
0.79
1.3
1.3
1.41
1.53
0.92
0.32
0.32
0.27
0.27
1.29
2.31
1.24
0.17
0.17
0.34
0.34
0.25
0.17
0.18
0.2
0.2
0.16
0.17
0.21
0.21
0.33
0.45
0.59
0.73
0.77
0.81
0.85
0.89
0.94
0.99
1.54
2.09
1.81
1.53
1.21
0.89
0.74
1.06
1.38
1.29
1.21
1.14
1.07
1.04
1.01
1.17
1.32
1.4
1.47
1.47
0.17
0.17
0.19
0.21
0.2
