"Var1"
1.34
1.32
1.31
1.32
1.3
1.28
1.29
1.32
0.71
0.11
0.17
0.2
0.18
0.16
0.17
0.2
0.19
0.2
0.24
0.27
0.25
0.2
0.19
0.2
0.18
0.16
0.16
0.19
0.18
0.15
0.16
0.22
0.23
0.22
0.23
0.29
0.53
0.76
1.5
1.83
2.17
2.17
2.15
2.12
2.1
1.83
1.57
0.97
0.36
0.26
0.21
0.22
0.2
0.17
0.15
0.15
0.17
0.19
0.15
0.15
0.18
0.22
0.21
0.24
0.28
0.27
0.19
0.18
0.21
0.2
0.15
0.15
0.21
0.21
0.17
0.16
0.22
0.23
0.25
0.24
0.26
0.26
0.2
0.17
0.18
0.2
0.19
0.17
0.18
0.2
0.19
0.2
0.24
0.3
0.48
0.66
0.96
1.27
0.73
0.19
0.19
0.19
0.19
0.17
0.19
0.21
0.24
0.29
0.34
0.35
0.32
0.28
0.28
0.34
0.45
0.65
0.85
0.78
0.69
0.61
0.61
3.36
3.36
3.26
3.15
4.12
5.09
4.16
3.23
3.3
3.21
3.08
2.47
1.87
1.62
1.37
1.25
1.12
0.77
0.43
0.41
0.38
0.35
0.32
