"Var1"
0.26
0.24
0.22
0.17
0.16
0.18
0.2
0.2
0.22
0.26
0.27
0.22
0.19
0.2
0.19
0.16
0.15
0.19
0.19
0.16
0.15
0.2
0.22
0.22
0.24
0.27
0.24
0.19
0.17
0.19
0.17
0.15
0.18
0.19
0.16
0.16
0.22
0.34
0.76
1.18
1.56
1.94
1.41
0.89
0.88
0.88
0.63
0.38
0.28
0.2
0.16
0.17
0.24
0.25
0.23
0.23
0.23
0.18
0.16
0.16
0.18
0.16
0.16
0.17
0.18
0.16
0.16
0.2
0.25
0.23
0.22
0.2
0.18
0.16
0.17
0.17
0.16
0.17
0.22
0.32
0.42
0.5
0.55
0.52
0.44
0.39
0.35
0.27
0.18
0.15
0.19
0.22
0.22
0.78
1.34
1.34
1.3
1.3
1.34
1.32
1.24
1.22
1.26
1.28
0.71
0.14
0.21
0.2
0.18
0.2
0.28
0.32
0.31
0.3
0.28
0.24
0.2
0.2
0.22
0.43
0.63
0.63
0.64
1.03
1.43
1.84
2.25
2.25
2.29
2.57
2.84
3.62
4.4
3.64
2.87
3.38
3.88
3.3
2.29
1.29
1.36
1.38
1.34
1.3
