"Var1"
0.16
0.16
0.17
0.16
0.16
0.18
0.18
0.14
0.15
0.19
0.19
0.14
0.14
0.19
0.19
0.15
0.14
0.17
0.18
0.16
0.17
0.16
0.16
0.16
0.19
0.17
0.13
0.11
0.14
0.18
0.13
0.15
0.19
0.18
0.15
0.15
0.17
0.16
0.16
0.18
0.16
0.14
0.17
0.19
0.16
0.13
0.14
0.67
1.21
1.19
1.21
0.94
0.67
0.43
0.2
0.16
0.16
0.17
0.18
0.15
0.14
0.18
0.18
0.15
0.13
0.17
0.19
0.16
0.14
0.16
0.17
0.16
0.17
0.17
0.14
0.15
0.19
0.19
0.14
0.14
0.19
0.19
0.15
0.14
0.17
0.19
0.17
0.17
0.16
0.15
0.16
0.19
0.18
0.13
0.15
0.19
0.19
0.14
0.13
0.18
0.19
0.16
0.15
0.17
0.17
0.17
0.18
0.17
0.15
0.16
0.19
0.18
0.13
0.14
0.2
0.2
0.1
0.69
1.27
1.26
1.21
0.94
0.66
0.42
0.18
0.19
0.17
0.14
0.14
0.16
0.18
0.13
0.15
0.19
0.19
0.15
0.15
0.18
0.17
0.16
0.17
0.16
0.15
0.15
