"Var1"
0.11
0.18
0.2
0.17
0.16
0.17
0.19
0.17
0.17
0.17
0.17
0.17
0.19
0.18
0.16
0.17
0.19
0.18
0.15
0.17
0.19
0.18
0.15
0.17
0.18
0.17
0.14
0.17
0.16
0.15
0.14
0.18
0.17
0.15
0.15
0.18
0.19
0.17
0.16
0.17
0.17
0.17
0.18
0.38
0.59
0.91
1.24
0.67
0.1
0.18
0.19
0.15
0.15
0.19
0.19
0.15
0.14
0.2
0.2
0.16
0.14
0.18
0.18
0.16
0.16
0.17
0.16
0.16
0.17
0.16
0.16
0.18
0.18
0.14
0.16
0.19
0.19
0.13
0.14
0.19
0.19
0.15
0.15
0.19
0.18
0.16
0.16
0.18
0.17
0.16
0.17
0.17
0.16
0.18
0.18
0.15
0.16
0.19
0.19
0.13
0.14
0.18
0.2
0.15
0.15
0.19
0.18
0.16
0.16
0.19
0.4
0.61
0.89
1.16
1.14
0.89
0.49
0.14
0.15
0.19
0.19
0.13
0.14
0.19
0.19
0.15
0.15
0.19
0.18
0.16
0.16
0.17
0.16
0.17
0.17
0.16
0.16
0.19
0.18
0.14
0.15
0.19
0.2
0.11
