"Var1"
1.22
0.84
0.47
0.98
1.49
1.49
1.5
1.53
1.53
0.29
0.29
0.29
0.3
0.31
0.31
0.29
0.3
0.31
0.31
0.29
0.31
0.36
0.37
0.35
0.31
0.32
0.35
0.33
0.31
0.31
0.34
0.64
0.94
1.19
1.44
0.94
0.52
0.38
0.33
0.28
0.29
0.31
0.32
0.29
0.28
0.29
0.31
0.29
0.28
0.28
0.33
0.35
0.35
0.34
0.34
0.38
0.46
0.63
0.81
0.83
0.83
0.83
0.82
0.82
0.81
0.82
0.84
0.46
0.46
1.44
1.44
1.44
1.42
1.4
1.39
1.39
1.41
1.4
1.4
1.4
1.44
1.44
1.44
1.43
1.44
1.42
1.4
1.4
0.88
0.35
0.3
0.29
0.34
0.33
0.3
0.33
0.45
0.37
0.29
0.31
0.36
0.3
0.25
0.27
0.32
0.28
0.24
0.27
0.31
0.31
0.3
0.34
0.37
0.32
0.27
0.26
0.28
0.28
0.28
0.26
0.26
0.28
0.3
0.26
0.25
0.82
1.4
1.52
1.19
0.86
0.79
0.74
0.74
0.78
0.81
0.79
0.76
1.34
1.93
2.32
2.32
0.92
0.92
0.82
