"Var1"
1.47
1.38
1.3
1.04
0.77
0.51
0.25
0.27
0.29
0.27
0.23
0.21
0.24
0.24
0.23
0.3
0.31
0.33
0.28
0.23
0.22
0.25
0.26
0.27
0.25
0.21
0.24
0.28
0.23
0.23
0.27
0.3
0.28
0.25
0.25
0.27
0.26
0.23
0.23
0.28
0.3
0.29
0.27
0.25
0.28
0.26
0.24
0.24
0.24
0.25
0.25
0.23
0.24
0.26
0.26
0.24
0.24
0.25
0.24
0.22
0.23
0.24
0.25
0.26
0.22
0.78
1.33
1.3
1.27
1.3
1.06
0.82
0.54
0.25
0.27
0.29
0.3
0.27
0.23
0.23
0.26
0.27
0.26
0.26
0.28
0.3
0.28
0.24
0.23
0.28
0.33
0.31
0.29
0.28
0.29
0.27
0.23
0.22
0.27
0.25
0.23
0.22
0.21
0.23
0.25
0.22
0.2
0.29
0.38
0.3
0.25
0.23
0.24
0.25
0.22
0.23
0.27
0.29
0.28
0.25
0.25
0.26
0.25
0.23
0.24
0.25
0.26
0.27
0.25
0.26
0.27
0.27
0.25
0.77
1.3
1.32
1.35
1.16
0.97
0.63
0.29
0.24
0.23
0.25
