"Var1"
0.58
0.55
0.53
0.5
0.42
0.34
0.31
0.31
0.3
0.39
0.37
0.35
0.31
0.27
0.36
0.32
0.28
0.25
0.31
0.36
0.32
0.27
0.19
0.24
0.29
0.25
0.21
0.18
0.23
0.28
0.25
0.21
0.18
0.23
0.27
0.29
0.31
0.26
0.29
0.32
0.32
0.31
1.29
2.26
2.12
1.98
1.81
1.64
1.51
1.38
1.33
1.27
1.28
1.29
1.3
1.28
1.24
1.26
1.28
0.81
0.35
0.31
0.31
0.3
0.32
0.34
0.32
0.3
0.28
0.27
0.25
0.26
0.24
0.2
0.22
0.23
0.27
0.23
0.19
0.2
0.21
0.28
0.28
0.27
0.25
0.3
0.36
0.3
0.25
0.24
0.28
0.33
0.28
0.24
0.17
0.21
0.24
0.23
0.22
0.19
0.19
0.23
0.24
0.25
0.21
0.17
0.23
0.29
0.35
0.25
0.25
1.44
1.44
1.39
1
0.61
0.63
0.65
0.55
0.45
0.5
0.55
0.65
0.76
0.66
1.9
3.15
2.16
1.18
0.82
1.06
1.3
3.35
5.39
4.76
4.12
3.61
3.1
2.9
2.7
1.55
0.39
0.42
0.45
