"Var1"
0.19
0.24
0.26
0.28
0.26
0.25
0.25
0.25
0.25
0.25
0.22
0.2
0.19
0.18
0.21
0.24
0.19
0.13
0.16
0.19
0.17
0.14
0.14
0.11
0.11
0.16
0.2
0.19
0.17
0.17
0.2
0.23
0.15
0.13
0.12
0.15
0.74
1.32
1.27
0.73
0.19
0.26
0.33
0.33
1.98
1.98
1.42
1.5
1.59
1.53
1.47
1.35
1.24
1.23
1.22
1.22
1.22
1.26
1.3
1.25
1.19
0.68
0.17
0.18
0.19
0.18
0.18
0.15
0.15
0.15
0.29
0.25
0.21
0.12
0.14
0.17
0.17
0.18
0.14
0.1
0.13
0.16
0.19
0.19
0.19
0.23
0.23
0.19
0.19
0.18
0.18
0.17
0.17
0.18
0.19
0.17
0.18
0.19
0.27
0.25
0.23
0.17
0.1
0.18
0.26
0.26
0.18
0.1
0.16
0.21
0.24
0.26
0.21
0.16
0.33
0.5
0.87
1.24
1.2
1.66
2.11
1.82
1.52
1.04
0.55
0.42
0.28
0.28
0.43
0.57
0.72
0.86
0.83
0.8
0.74
0.67
0.51
0.35
0.4
0.43
0.45
0.33
0.29
0.25
