"Var1"
0.38
0.29
0.23
0.24
0.28
0.28
0.24
0.22
0.28
0.26
0.23
0.21
0.24
0.28
0.28
0.24
0.24
0.31
0.27
0.23
0.21
0.23
0.26
0.28
0.24
0.26
0.3
0.3
0.25
0.22
0.24
0.27
0.27
0.25
0.27
0.3
0.29
0.24
0.23
0.25
0.27
0.27
0.28
0.28
0.29
0.27
0.25
0.23
0.24
0.26
0.26
0.23
0.22
0.21
0.46
0.7
0.97
1.25
1.29
1.32
1.33
0.77
0.21
0.25
0.26
0.23
0.23
0.25
0.29
0.29
0.25
0.25
0.28
0.29
0.66
1.01
1.15
1.64
2.12
2.06
3.55
5.04
3.9
2.75
2.1
1.45
1.39
1.33
1.3
1.34
1.35
1.33
1.32
1.36
1.39
1.39
1
0.61
0.46
0.31
0.28
0.28
0.28
0.28
0.26
0.24
0.22
0.25
0.28
0.29
0.26
0.25
0.26
0.25
0.24
0.22
0.2
0.25
0.3
0.25
0.24
0.26
0.26
0.25
0.23
0.23
0.24
0.25
0.24
0.24
0.26
0.27
0.25
0.25
0.29
0.3
0.28
0.24
0.24
0.26
0.28
0.27
0.26
0.27
