"Var1"
0.34
0.31
0.3
0.29
0.29
0.3
0.31
0.8
1.28
1.34
1.4
0.83
0.27
0.27
0.33
0.32
0.22
0.31
0.31
0.3
0.29
0.28
0.26
0.27
0.28
0.22
0.3
0.37
0.3
0.22
0.25
0.28
0.26
0.24
0.25
0.26
0.29
0.31
0.28
0.24
1.02
1.8
1.47
1.74
2.01
2.39
2.76
2.76
1.53
1.53
1.39
1.36
1.32
1.34
1.31
1.28
1.27
1.27
1.31
1.34
1.33
1.32
0.82
0.32
0.32
0.27
0.27
0.27
0.38
0.38
1.12
1.86
1.46
1.06
1.24
1.43
3.2
4.97
6.5
4.75
3
3
3
3.72
4.45
2.65
2.95
3.26
3.22
3.19
3
2.61
2.22
1.84
1.46
1.45
1.44
1.46
1.47
1.45
1.43
1.19
0.94
0.71
0.49
0.43
0.37
0.43
0.39
0.35
0.41
0.47
0.58
0.69
0.69
1.28
1.28
1.21
1.51
1.81
1.92
2.09
2.26
2.39
2.57
2.76
2.76
1.37
1.37
2.08
2.3
2.53
2.58
3.22
3.86
3.49
3.13
2.67
2.13
1.6
0.96
0.32
0.34
0.37
