"Var1"
0.32
0.37
0.31
0.26
0.3
0.34
0.32
0.31
0.31
0.31
0.31
0.32
0.32
0.27
0.28
0.28
0.32
0.31
0.3
0.3
0.29
0.3
0.32
0.28
0.24
0.31
0.39
0.3
0.22
0.25
0.28
0.31
0.3
0.29
0.31
0.32
0.69
1.06
1.35
0.87
0.39
0.62
0.85
0.79
0.73
0.82
0.92
1.28
1.65
1.92
2.9
3.88
2.24
0.6
1.24
1.88
1.64
0.94
0.25
0.28
0.29
0.31
0.28
0.36
0.44
0.38
0.31
0.31
0.23
0.31
0.31
0.31
0.42
0.42
0.44
0.45
0.91
1.36
1.39
1.12
0.86
0.58
0.31
0.35
0.4
0.42
0.44
0.46
0.41
0.36
0.34
0.31
0.36
0.4
0.37
0.34
0.32
0.27
0.23
0.25
0.28
0.31
0.34
0.28
0.23
0.27
0.31
0.22
0.29
0.36
0.33
0.29
0.41
0.53
0.53
1.32
2.12
2.17
2.22
3.42
4.62
3.11
1.61
2.33
2.33
4.54
4.54
4.15
3.77
3.3
3.3
0.64
0.64
0.67
0.77
0.88
0.78
0.68
0.53
0.39
0.38
0.37
0.34
0.31
