"Var1"
0.95
1
1.03
1
0.96
0.93
0.9
0.64
0.38
0.39
0.4
0.36
0.31
0.32
0.32
0.31
0.31
0.31
0.3
0.27
0.24
0.27
0.31
0.31
0.32
0.34
0.38
0.41
0.37
0.54
0.71
1.05
1.39
0.83
0.27
0.31
0.29
0.27
0.26
0.25
0.27
0.3
0.27
0.34
0.41
1.36
2.32
1.37
0.43
0.57
0.72
0.71
0.69
0.72
0.75
1.2
1.66
2.76
3.86
2.84
1.82
2.37
2.92
2.2
1.48
2.02
2.56
2.61
2.87
3.13
3.13
1.15
1.15
0.76
0.36
0.37
0.38
0.34
0.32
0.34
0.36
0.3
0.3
0.31
0.31
0.3
0.29
0.28
0.28
0.28
0.31
0.33
0.45
0.58
0.56
0.54
0.53
0.53
0.5
0.5
0.53
0.46
0.4
0.37
0.33
0.35
0.36
0.4
0.43
0.47
0.96
1.45
1.48
1.12
0.77
0.55
0.32
0.38
0.36
0.34
0.34
0.35
0.36
0.37
0.35
0.34
1.78
3.21
4.3
4.08
3.87
3.59
3.32
3.31
3.3
3.33
3.37
3.31
3.36
3.41
3.36
3.32
3.38
3.44
