"Var1"
2.68
2.65
2.6
2.52
2.2
1.88
1.74
1.6
1.6
0.28
0.28
0.3
0.36
0.45
1.46
2.47
1.39
0.31
0.31
0.28
0.26
0.25
0.3
0.37
0.43
0.48
0.53
0.54
0.56
0.54
0.52
0.49
0.49
0.5
0.5
0.46
0.41
0.42
0.48
0.45
0.43
0.4
0.42
0.48
0.44
0.41
0.41
0.46
0.53
0.56
0.5
0.46
0.49
0.52
0.54
0.49
0.44
0.44
1.77
1.77
1.24
0.71
1.1
1.49
1.42
1.35
1.3
1.26
1.27
1.3
1.33
1.36
0.98
0.6
0.47
0.34
0.29
0.25
0.26
0.33
0.27
0.22
0.17
0.16
0.26
0.36
0.32
0.29
0.3
0.34
0.37
0.33
0.3
0.32
0.4
0.4
0.41
0.31
0.25
0.31
0.3
0.3
0.31
0.33
0.36
0.36
0.27
0.17
0.68
1.19
1
0.82
1.17
1.51
1
0.53
0.43
0.46
0.49
0.55
0.57
0.59
0.54
0.5
0.5
0.51
0.51
0.63
0.74
1.07
1.4
1.49
1.34
0.99
0.67
0.93
1.12
1.31
1.24
0.7
0.16
0.22
0.25
0.27
