"Var1"
0.35
0.33
0.32
0.31
0.31
1.29
1.29
0.9
0.52
0.4
0.28
0.25
0.22
0.25
0.29
0.34
0.39
0.39
0.22
0.22
0.23
0.24
0.25
0.27
0.23
0.19
0.19
0.22
0.22
0.2
0.19
0.19
0.19
0.19
0.17
0.14
0.13
0.16
0.19
0.19
0.18
0.21
0.25
0.26
0.26
0.25
0.24
0.21
0.2
0.18
0.19
0.19
0.19
0.19
0.19
1.4
2.61
1.99
1.37
0.77
0.18
0.21
0.25
0.69
1.13
1.35
1.71
2.07
2.08
2.08
2.75
3.41
2.6
1.78
1.66
2.67
3.68
2.6
1.53
2.1
2.2
1.5
0.81
0.74
2.32
3.9
3.9
3.95
3.95
2.69
1.43
0.97
0.51
1.54
2.58
1.46
0.34
0.36
0.38
0.34
0.3
0.34
0.36
0.37
0.38
0.39
0.37
0.35
0.42
0.5
0.38
0.26
0.48
0.69
0.7
0.71
0.65
0.59
0.76
0.93
0.84
0.76
1.04
1.51
1.98
2.48
2.98
2.67
2.37
2
1.64
1.39
1.13
0.73
0.57
0.42
0.42
0.3
0.24
0.24
0.29
0.34
0.34
0.34
