"Var1"
0.19
0.2
0.2
0.2
0.22
0.26
0.29
0.28
0.25
0.23
0.21
0.16
0.13
0.17
0.21
0.17
0.17
0.22
0.28
0.2
0.18
0.2
0.2
0.17
0.19
0.21
0.2
0.16
0.75
1.33
0.92
0.52
0.34
0.17
0.18
0.2
0.19
0.18
0.21
0.26
0.25
0.14
0.51
0.88
1.07
1.27
1.66
2.05
1.74
1.74
2.31
2.31
1.78
1.25
1.3
1.31
1.29
2.37
3.45
2.31
1.16
0.73
0.29
0.2
0.17
0.2
0.18
0.15
0.14
0.16
0.18
0.18
0.23
0.2
0.18
0.15
0.16
0.16
0.16
0.15
0.18
0.21
0.21
0.23
0.23
0.22
0.18
0.18
0.17
0.18
0.18
0.21
0.26
0.27
0.27
0.26
0.21
0.2
0.19
0.21
0.18
0.18
0.19
0.22
0.21
0.23
0.25
0.24
0.16
0.16
0.21
0.26
0.71
1.17
1.56
1.55
1.54
1.42
1.31
1.25
1.25
1.21
1.17
0.91
0.65
0.54
0.42
0.33
0.38
0.42
0.39
0.32
0.25
0.23
0.2
0.16
0.12
0.21
0.31
0.21
0.19
0.2
0.19
0.12
