"Var1"
0.27
0.34
0.41
0.38
0.35
0.39
0.35
0.31
0.32
0.33
0.33
0.35
0.38
0.3
0.32
0.33
0.29
0.25
0.29
0.35
0.32
0.3
0.29
0.28
0.31
0.34
0.33
0.32
0.3
0.29
0.29
0.29
0.29
0.29
0.31
0.33
0.28
0.22
0.27
0.32
0.3
1.14
1.99
1.36
0.74
1.29
1.69
2.09
1.88
1.67
1.48
1.29
1.09
0.89
0.59
0.29
0.3
0.32
0.31
0.3
0.25
0.33
0.4
0.36
0.32
0.35
0.37
0.37
0.38
0.38
0.38
0.4
0.42
0.41
0.4
0.4
0.39
0.44
0.42
0.4
0.4
0.4
0.49
0.49
0.49
0.64
0.79
0.53
0.26
0.27
0.29
0.31
0.34
0.35
0.36
0.35
0.34
0.27
0.27
0.28
0.33
0.31
0.29
0.28
0.27
0.82
1.36
1.28
1.12
0.96
0.64
0.32
0.45
0.58
0.97
1.37
2.12
2.12
0.73
0.73
0.8
1.29
1.77
2
2.23
2.61
2.98
2.89
2.8
2.62
2.44
2.3
2.16
2.01
1.85
1.61
1.36
1.41
1.42
1.44
1.41
1.38
0.86
0.35
