"Var1"
0.34
0.34
0.34
0.26
0.18
0.83
1.48
1.36
0.95
0.55
0.42
0.29
0.26
0.24
0.24
0.25
0.23
0.25
0.26
0.25
0.25
0.26
0.28
0.3
0.33
0.31
0.3
0.27
0.25
0.22
0.2
0.22
0.24
0.22
0.19
0.22
0.24
0.24
0.25
1.79
3.33
2.94
2.54
2.54
1.58
1.58
1.46
1.34
1.61
1.79
1.96
1.97
1.63
1.29
1.31
1.34
1.32
1.3
1.28
1.26
1.24
1.21
0.92
0.64
0.45
0.26
0.23
0.24
0.26
0.25
0.25
0.29
0.34
0.33
0.33
0.31
0.29
0.32
0.35
0.31
0.27
0.23
0.2
1.29
2.39
0.77
0.75
0.74
1.08
1.42
1.37
1.58
1.79
1.04
0.29
0.35
0.32
0.28
0.3
0.32
0.19
0.17
0.16
0.24
0.32
0.32
0.32
0.32
0.28
0.28
0.26
0.25
0.26
0.27
0.24
0.21
0.21
0.21
0.23
0.24
0.93
1.62
2.12
2.63
2.63
1.18
1.18
1.01
0.83
0.78
0.74
0.72
0.71
0.7
0.84
0.97
1.23
1.49
1.17
0.85
0.83
0.79
0.75
0.73
