"Var1"
0.28
0.27
0.26
0.29
0.33
0.26
0.22
0.21
0.25
0.29
0.26
0.27
0.29
0.31
0.27
0.23
0.22
0.26
0.28
0.27
0.26
0.24
0.23
0.26
0.26
0.25
0.24
0.25
0.27
0.31
0.33
0.29
0.25
0.26
0.25
0.25
0.26
0.28
0.31
0.33
0.97
1.61
1.83
2.04
1.48
0.92
1.49
2.06
1.67
1.27
1.29
1.31
1.3
1.29
1.25
1.28
1.35
1.33
1.31
1.29
1.27
1.3
1.32
1.26
1.23
1.29
1.32
1.34
1.1
0.86
0.58
0.3
0.26
0.21
0.26
0.32
0.31
0.29
0.37
0.45
0.37
0.31
0.27
0.26
0.25
0.26
0.26
0.23
0.24
0.25
0.25
0.24
0.24
0.29
0.35
0.42
0.49
0.36
0.24
0.24
0.23
0.22
0.22
0.43
0.64
0.56
0.48
0.49
0.38
0.26
0.23
0.2
0.32
0.45
0.58
0.81
1.04
0.93
0.83
0.99
1.16
1.85
2.55
2.27
3.16
4.06
3.03
2
1.85
1.69
1.61
1.75
1.89
2.45
2.13
1.82
1.84
1.85
1.69
1.54
1.26
0.98
1.09
1.21
