"Var1"
0.24
0.24
0.26
0.3
0.27
0.23
0.2
0.23
0.26
0.29
0.19
0.13
0.14
0.18
0.22
0.15
0.12
0.16
0.18
0.21
0.15
0.14
0.17
0.19
0.22
0.24
0.24
0.23
0.24
0.25
0.26
0.24
0.22
0.21
0.23
0.23
0.18
0.14
0.11
0.51
0.91
1.09
1.28
1.35
1.42
1.44
1.44
1.36
1.29
0.79
0.29
0.25
0.23
0.23
0.24
0.25
0.26
0.22
0.18
0.15
0.19
0.21
0.17
0.13
0.15
0.21
0.19
0.16
0.13
0.15
0.21
0.22
0.23
0.2
0.22
0.27
0.25
0.22
0.19
0.21
0.27
0.22
0.16
0.13
0.14
0.19
0.18
0.17
0.13
0.14
0.19
0.19
0.2
0.14
0.17
0.24
0.26
0.27
0.19
0.76
1.34
1.38
0.78
0.19
0.22
0.24
0.23
0.2
0.18
0.17
0.2
0.25
0.21
0.16
0.11
1.33
2.55
1.48
0.41
0.41
0.42
1.53
2.63
2.31
1.99
1.96
1.9
1.84
2.06
2.3
2.55
5.22
4.21
3.19
2.96
2.87
2.78
3.41
4.04
1.75
1.02
0.29
0.28
0.29
