"Var1"
0.44
0.33
0.23
0.18
0.19
0.23
0.26
0.25
0.24
0.22
0.21
0.2
0.19
0.15
0.7
1.26
1.2
0.79
0.38
0.25
0.18
0.19
0.22
0.2
0.18
0.2
0.21
0.2
0.21
0.19
0.19
0.22
0.22
0.17
0.18
0.22
0.21
0.18
0.19
0.21
0.21
0.69
1.17
0.8
0.43
0.66
0.88
1.11
1.33
1.22
1.12
0.88
0.64
0.39
0.15
0.18
0.19
0.19
0.2
0.17
0.17
0.2
0.2
0.16
0.17
0.2
0.2
0.18
0.18
0.19
0.19
0.2
0.18
0.17
0.19
0.2
0.17
0.16
0.2
0.21
0.18
0.17
0.19
0.19
0.19
0.19
0.17
0.18
0.2
0.19
0.16
0.19
0.2
0.18
0.17
0.18
0.19
0.19
0.19
0.17
0.18
0.21
0.21
0.16
0.16
0.53
0.88
1.16
1.28
0.89
0.5
0.35
0.21
0.17
0.19
0.2
0.19
0.16
0.2
0.21
0.19
0.18
0.19
0.19
0.19
0.2
0.18
0.18
0.21
0.21
0.17
0.17
0.21
0.2
0.18
0.18
0.48
0.67
0.61
0.32
0.24
0.18
0.2
0.18
