"Var1"
0.17
0.16
0.18
0.16
0.14
0.14
0.17
0.16
0.15
0.14
0.16
0.2
0.24
0.22
0.22
0.23
0.25
0.18
0.13
0.16
0.19
0.15
0.14
0.17
0.2
0.15
0.16
0.2
0.22
0.21
0.23
0.27
0.25
0.19
0.17
0.19
0.2
0.42
0.79
1.24
0.98
0.72
0.49
0.26
0.27
0.26
0.88
1.5
1.82
2.14
1.78
1.42
1.32
1.25
1.22
1.24
1.27
1.26
1.25
1.26
1.28
1.28
1.32
1.37
1.02
0.68
0.62
0.56
0.55
0.54
0.73
0.93
0.63
0.32
0.33
0.33
0.35
0.4
0.46
0.4
0.35
0.59
0.83
1.85
2.14
2.44
1.98
1.53
2.02
2.51
2.51
1.38
1.38
1.36
1.34
1.33
1.32
1.32
1.35
1.34
1.33
0.91
0.51
0.35
0.3
0.29
0.32
0.37
0.4
0.4
0.4
0.4
0.39
0.36
0.51
0.66
0.79
0.91
1.27
1.62
1.77
1.77
0.87
0.87
0.68
1.57
2.46
2.5
2.85
3.21
2.93
2.66
1.51
0.36
0.38
0.37
0.34
0.33
0.32
0.28
0.25
0.24
0.26
0.25
