"Var1"
0.4
0.36
0.33
0.35
0.58
0.81
1.35
1.15
0.95
0.61
0.27
0.29
0.31
0.33
0.34
0.34
0.35
0.32
0.28
0.28
0.29
0.29
0.31
0.31
0.24
0.24
0.27
0.31
0.31
0.38
0.38
0.33
0.27
0.28
0.29
0.29
0.29
0.3
0.31
0.75
1.2
1.75
2.31
1.45
0.6
1.15
1.71
2.01
2.31
2.43
2.54
1.92
1.31
0.88
0.44
0.37
0.29
0.89
1.49
0.92
0.35
0.31
0.59
0.86
0.88
0.87
0.86
0.82
0.78
0.71
0.65
0.54
0.51
0.47
0.56
0.65
0.56
0.48
0.48
0.78
0.78
0.93
1.09
1.08
0.93
0.77
0.93
1.08
1.31
1.54
1.6
1.72
1.83
1.77
1.71
1.28
0.84
0.84
0.83
0.6
0.6
0.46
0.33
0.45
0.57
0.6
0.63
0.61
0.59
0.59
0.59
0.59
0.7
0.82
0.81
0.8
0.59
0.37
0.43
0.98
1.52
1.98
1.77
1.56
2.12
2.67
2.8
2.94
2.89
2.84
2.41
1.98
1.63
1.33
1.02
0.66
0.31
0.3
0.3
0.27
0.24
0.28
0.33
0.28
