"Var1"
0.37
0.37
0.36
0.37
0.38
0.29
0.22
0.3
0.29
0.28
0.23
0.27
0.36
0.34
0.33
0.28
0.28
0.3
0.31
0.26
0.25
0.28
0.32
0.33
0.33
0.32
0.31
0.31
0.29
0.28
0.27
0.3
0.3
0.31
0.31
0.32
0.32
0.33
1.68
3.03
2.23
1.44
1.48
1.52
1.55
1.59
1.64
2.71
3.78
2.68
1.58
2.19
2.8
2.12
1.45
1.48
1.55
1.44
1.33
1.3
1.28
1.27
1.27
1.27
1.27
1.27
1.75
1.75
1.71
1.63
1.56
1.53
1.47
1.24
1.01
0.98
0.94
0.79
0.63
0.55
0.47
1.04
1.61
2.03
2.44
2.32
2.19
2.11
2.03
1.87
1.63
1.39
1.12
0.67
0.22
0.28
0.33
0.35
0.32
0.31
0.34
0.36
0.33
0.26
0.22
0.26
0.29
0.32
0.31
0.3
0.41
0.6
0.85
1.23
1.62
1.46
1.09
0.72
0.69
0.65
0.94
1.22
1.21
1.21
1.21
0.95
1.2
1.45
1.92
2.39
2.23
2.05
1.68
1.32
1.09
0.91
1.23
1.54
1.71
1.76
1.81
1.05
0.29
0.29
