"Var1"
1.98
2.13
2.28
1.97
1.8
1.68
1.66
1.63
1.57
1.45
1.35
1.26
1.23
1.2
0.89
0.58
0.4
0.22
0.22
0.19
0.2
0.23
0.22
0.19
0.17
0.22
0.18
0.15
0.17
0.21
0.22
0.2
0.19
0.2
0.21
0.2
0.21
0.2
0.19
0.19
0.22
0.21
0.14
0.2
0.26
0.2
0.15
0.14
0.2
0.25
0.32
0.39
0.65
0.91
1.16
1.4
1.44
1.38
1.32
1.35
1.35
3.72
3.72
3.72
2.37
2.37
2.59
2.56
2.53
2.31
2.32
2.34
1.79
1.25
1.27
1.29
1.31
1.26
1.25
1.25
1.25
1.22
1.22
1.23
1.24
1.24
1.25
1.24
1.24
1.24
1.27
1.26
1.24
1.24
0.96
0.67
0.41
0.14
0.16
0.19
0.15
0.17
0.2
0.2
0.19
0.18
0.19
0.18
0.17
0.18
0.18
0.17
0.18
0.2
0.17
0.16
0.18
0.17
0.17
0.14
0.14
0.16
0.18
0.15
0.17
0.2
0.19
0.18
0.17
0.18
0.17
0.17
0.18
0.18
0.18
0.19
0.2
0.17
0.15
0.16
0.16
2.13
2.13
2.3
