"Var1"
0.1
0.2
0.16
0.12
0.14
0.18
0.19
0.17
0.16
0.17
0.18
0.17
0.18
0.19
0.2
0.23
0.23
0.2
0.19
0.2
0.19
0.15
0.15
0.22
0.63
1.03
1.28
1.54
1.49
1
0.52
0.49
0.48
0.49
0.9
1.32
1.18
0.86
0.47
0.19
0.17
0.17
0.17
0.16
0.17
0.18
0.16
0.12
0.08
0.04
0.39
0.88
1.34
1.72
2.09
2.37
2.66
2.08
1.51
1.52
1.54
1.47
1.4
1.5
1.55
1.58
1.61
1.62
1.56
1.42
1.28
1.27
1.27
1.27
1.27
1.24
1.22
1.2
1.16
1.16
1.19
1.21
1.18
1.27
1.35
1.47
1.43
1.39
2.4
3.41
2.35
1.29
1.3
1.27
1.22
1.77
2.32
1.73
1.13
1.18
1.17
1.13
0.82
0.48
0.22
0.17
0.15
0.19
0.21
0.19
0.17
0.18
0.18
0.19
0.2
0.19
0.16
0.17
0.21
0.21
0.14
0.17
0.22
0.22
0.17
0.15
0.2
0.2
0.18
0.16
0.18
0.19
0.18
0.18
0.17
0.17
0.18
0.19
0.18
0.17
0.18
0.2
0.17
0.1
