"Var1"
0.91
0.87
0.84
0.82
0.9
0.98
0.78
0.58
0.6
0.62
0.51
0.4
0.4
0.41
0.39
0.35
0.32
0.29
0.26
0.41
0.55
0.52
0.49
0.51
0.52
0.52
0.45
0.52
0.58
0.57
0.57
0.39
0.21
0.45
0.7
0.93
1.17
0.78
0.52
0.25
0.21
0.2
0.19
0.29
0.28
0.27
0.26
0.24
0.23
0.21
0.19
0.56
0.93
0.74
0.55
0.43
0.87
1.31
1.34
1.37
1.34
1.32
1.2
1.07
0.62
0.17
0.54
0.95
1.35
1.46
1.46
5.79
5.79
5.07
4.35
4.41
4.47
3.45
2.43
2.04
1.64
1.68
1.73
1.77
1.77
1.77
2.2
2.62
2.06
1.9
1.73
1.51
2.12
2.73
2.05
1.37
1.05
0.73
0.55
0.37
0.37
0.37
0.5
0.62
0.67
0.72
0.96
1.19
1
0.81
0.83
0.84
0.71
0.57
0.58
0.75
0.92
0.99
1.07
1.19
1.51
1.82
1.82
1.77
1.72
1.69
1.66
2.1
2.55
2.08
1.6
1.6
2.52
2.52
2
1.48
1.6
1.77
1.93
1.58
1.22
1.22
1.11
1.11
