"Var1"
0.34
0.28
0.24
0.25
0.28
0.29
0.25
0.25
0.29
0.33
0.34
0.28
0.27
0.27
0.28
0.26
0.26
0.28
0.27
0.22
0.58
0.95
1.15
1.34
1.19
1.04
0.67
0.29
0.25
0.25
0.29
0.28
0.25
0.24
0.27
0.29
0.28
0.26
0.3
0.37
0.34
0.27
0.22
0.22
0.24
0.27
0.23
0.23
0.27
0.25
0.22
0.22
0.22
0.31
0.41
0.3
0.25
0.27
0.29
0.27
0.23
0.25
0.27
0.29
0.26
0.25
0.27
0.31
0.33
0.33
0.32
0.3
0.27
0.25
0.25
0.27
0.26
0.25
0.24
0.27
0.29
0.27
0.22
0.45
0.68
0.99
1.3
1.29
1.28
0.85
0.47
0.23
0.23
0.27
0.25
0.23
0.22
0.29
0.38
0.33
0.28
0.25
0.26
0.29
0.28
0.24
0.24
0.26
0.28
0.26
0.25
0.26
0.29
0.32
0.32
0.31
0.29
0.27
0.25
0.24
0.27
0.27
0.26
0.24
0.26
0.29
0.28
0.28
0.29
0.36
0.3
0.25
0.22
0.25
0.29
0.3
0.25
0.22
0.22
0.26
0.29
0.24
0.27
0.34
