"Var1"
0.19
0.24
0.3
0.29
0.29
0.32
0.34
0.29
0.26
0.22
0.27
0.25
0.23
0.22
0.22
0.22
0.16
0.16
0.16
0.16
0.25
0.26
0.27
0.27
0.2
0.2
0.2
0.21
0.21
0.22
0.23
0.22
0.22
0.24
0.26
0.22
0.22
0.22
0.23
0.23
0.9
1.56
1.02
0.49
0.77
1.05
1.29
1.52
2.98
2.1
1.22
1.67
2.11
1.68
1.26
1.22
1.19
0.71
0.24
0.26
0.29
0.28
0.28
0.3
0.25
0.2
0.2
0.19
0.21
0.13
0.13
0.15
0.18
0.22
0.26
0.32
0.3
0.29
0.28
0.27
0.24
0.22
0.15
0.17
0.19
0.2
0.22
0.22
0.22
0.22
0.21
0.2
0.21
0.23
0.25
0.25
0.26
0.24
0.24
0.24
0.23
0.22
0.21
0.2
0.17
0.14
0.18
0.19
0.2
0.46
0.72
1.13
1.55
1.13
0.71
0.65
0.6
0.53
0.47
0.45
0.43
0.43
1.03
1.63
1
0.38
0.38
0.36
0.36
0.36
2
2
2.23
1.87
1.5
1.06
0.61
0.61
0.27
0.27
0.27
0.27
0.27
0.27
