"Var1"
0.77
0.49
0.2
0.17
0.16
0.18
0.18
0.14
0.15
0.19
0.19
0.14
0.14
0.19
0.19
0.15
0.15
0.19
0.18
0.16
0.16
0.18
0.16
0.16
0.17
0.16
0.16
0.18
0.18
0.14
0.15
0.18
0.19
0.14
0.15
0.18
0.18
0.15
0.16
0.18
0.17
0.16
0.16
0.17
0.16
0.17
0.17
0.14
0.15
0.18
0.17
0.13
0.12
0.14
0.17
0.14
0.16
0.19
0.16
0.1
0.46
0.83
0.98
1.13
1.19
0.76
0.34
0.24
0.17
0.13
0.11
0.97
1.82
1.82
2.13
2.13
1.62
1.12
1.96
2.8
2.12
1.45
1.01
0.5
0.18
0.31
0.45
0.32
0.2
0.21
0.24
0.31
0.38
0.33
0.28
0.22
0.21
0.46
0.83
1.15
1.18
1.09
1
0.59
0.18
0.21
0.21
0.15
0.32
0.5
0.49
0.47
0.36
0.28
0.23
0.16
0.71
1.27
1.3
1.38
1.87
2.37
2.01
1.66
1.57
1.47
1.28
1.42
1.57
1.57
1.28
1.28
1.19
1.06
0.93
0.71
0.48
0.45
0.38
0.24
0.18
0.2
0.2
0.16
