"Var1"
2.78
2.34
1.89
1.45
1.33
1.22
1.19
1.19
1.21
1.26
0.7
0.13
0.17
0.21
0.24
0.21
0.18
0.21
0.21
0.2
0.21
0.22
0.23
0.25
0.26
0.23
0.16
0.13
0.19
0.26
0.19
0.16
0.22
0.23
0.21
0.2
0.21
0.2
0.2
0.21
0.2
0.18
0.19
0.22
0.23
0.16
0.18
0.24
0.22
0.18
0.17
0.2
0.22
0.52
0.82
1.03
1.25
1.31
1.39
1.54
1.68
2.06
2.43
1.95
1.47
1.59
1.65
1.67
1.66
1.7
1.75
1.6
1.45
1.33
1.24
1.19
1.15
1.18
1.26
0.72
0.17
0.17
0.18
0.21
0.19
0.18
0.18
0.18
0.17
0.19
0.2
0.19
0.14
0.18
0.23
0.23
0.17
0.16
0.18
0.22
0.2
0.18
0.17
0.19
0.19
0.2
0.22
0.22
0.17
0.16
0.18
0.24
0.23
0.17
0.15
0.18
0.2
0.19
0.19
0.2
0.18
0.16
0.18
0.23
0.23
0.18
0.15
0.17
0.22
0.21
0.18
0.17
0.18
0.19
0.19
0.21
0.71
1.2
1.12
0.9
0.68
0.4
0.11
0.12
