"Var1"
0.14
0.19
0.19
0.16
0.16
0.18
0.17
0.16
0.17
0.17
0.16
0.18
0.18
0.14
0.13
0.16
0.19
0.14
0.15
0.18
0.18
0.15
0.16
0.19
0.17
0.16
0.16
0.17
0.16
0.18
0.17
0.14
0.15
0.17
0.18
0.1
0.37
0.64
0.89
1.14
1.19
1.24
0.68
0.12
0.16
0.17
0.16
0.18
0.16
0.14
0.15
0.16
0.16
0.13
0.16
0.14
0.12
0.14
0.17
0.18
0.16
0.16
0.16
0.16
0.17
0.22
0.25
0.25
0.27
0.29
0.17
0.13
0.17
0.18
0.16
0.15
0.16
0.16
0.16
0.18
0.16
0.14
0.16
0.18
0.16
0.13
0.17
0.14
0.1
0.13
0.17
0.18
0.16
0.16
0.16
0.16
0.16
0.18
0.15
0.15
0.18
0.2
0.18
0.2
0.22
0.21
0.2
0.22
0.71
1.2
1.21
1.26
1.33
1.41
1.48
1.15
0.83
0.62
0.4
0.37
0.32
0.26
0.23
0.25
0.24
0.23
0.23
0.25
0.25
0.21
0.22
0.26
0.29
0.39
0.48
0.62
0.39
0.17
0.14
0.7
1.25
1.21
1.2
1.24
