"Var1"
2.08
1.85
1.61
1.47
1
0.54
0.44
0.34
0.34
0.35
0.31
0.24
0.24
0.25
0.24
0.23
0.21
0.19
0.17
0.14
0.16
0.19
0.17
0.23
0.28
0.28
0.26
0.26
0.21
0.16
0.16
0.23
0.24
0.24
0.24
0.25
0.22
0.23
0.24
0.23
0.22
0.25
1.44
2.63
2.01
1.38
1.36
1.33
1.32
1.31
1.3
1.29
1.29
1.29
0.88
0.47
0.32
0.17
0.15
0.13
0.13
0.22
0.29
0.2
0.2
0.22
0.24
0.24
0.2
0.22
0.22
0.21
0.2
0.25
0.24
0.23
0.23
0.22
0.18
0.23
0.28
0.28
0.27
0.27
0.27
0.24
0.2
0.2
0.16
0.16
0.15
0.13
0.57
1.01
1.21
1.07
0.93
0.55
0.16
0.17
0.19
0.22
0.22
0.23
0.25
0.28
0.26
0.24
0.24
0.2
0.2
0.25
0.29
1.14
1.99
1.27
0.54
0.43
0.46
0.48
0.44
0.4
0.48
0.58
0.67
0.57
0.47
0.48
0.58
0.67
2.2
3.72
3.98
4.23
3.6
2.97
2.22
2.22
0.36
0.36
0.4
0.36
0.33
0.35
