"Var1"
0.32
0.35
0.33
0.26
0.22
0.24
0.27
0.28
0.23
0.23
0.26
0.25
0.24
0.22
0.27
0.35
0.36
0.3
0.22
0.49
0.76
1.01
1.26
1.28
1.31
1.34
0.78
0.22
0.25
0.29
0.33
0.32
0.29
0.28
0.27
0.27
0.25
0.26
0.27
0.28
0.26
0.25
0.27
0.27
0.28
0.29
0.32
0.34
0.31
0.26
0.24
0.26
0.28
0.26
0.24
0.24
0.27
0.28
0.25
0.24
0.28
0.34
0.34
0.29
0.25
0.27
0.29
0.26
0.23
0.25
0.29
0.29
0.25
0.22
0.26
0.3
0.33
0.3
0.28
0.26
0.25
0.24
0.22
0.24
0.3
0.64
0.99
1.13
1.28
1.35
1.38
0.84
0.3
0.34
0.33
0.28
0.23
0.24
0.28
0.29
0.26
0.23
0.25
0.28
0.28
0.24
0.27
0.32
0.35
0.31
0.25
0.25
0.26
0.27
0.25
0.25
0.26
0.27
0.26
0.24
0.26
0.28
0.31
0.32
0.31
0.3
0.27
0.25
0.24
0.26
0.29
0.27
0.24
0.24
0.28
0.3
0.28
0.27
0.32
0.36
0.33
0.27
0.23
0.25
