"Var1"
0.32
0.3
0.28
0.24
0.26
0.3
0.32
0.26
0.24
0.3
0.27
0.24
0.23
0.25
0.32
0.38
0.32
0.33
0.37
0.36
0.29
0.23
0.28
0.27
0.26
0.24
0.27
0.31
0.3
0.25
0.25
0.31
0.38
0.87
1.35
1.15
0.96
0.59
0.22
0.26
0.29
0.29
0.25
0.26
0.28
0.3
0.27
0.27
0.28
0.31
0.32
0.34
0.35
0.35
0.33
0.29
0.29
0.28
0.28
0.26
0.27
0.29
0.28
0.27
0.27
0.29
0.31
0.32
0.34
0.36
0.36
0.34
0.31
0.3
0.3
0.28
0.26
0.27
0.3
0.29
0.26
0.26
0.29
0.3
0.27
0.28
0.34
0.38
0.37
0.31
0.31
0.33
0.31
0.26
0.22
0.63
1.05
1.17
1.28
1.12
0.95
0.59
0.22
0.28
0.4
0.57
0.6
0.63
0.57
0.54
0.54
0.53
0.53
0.82
0.63
0.44
0.43
0.45
0.49
1.08
1.68
1.27
0.86
0.97
1.02
1.02
1.02
1.02
1.01
1.02
1.04
1.02
1.01
1.01
1.04
1.1
1.2
1.51
1.81
1.8
1.79
1.77
1.79
1.84
