"Var1"
0.23
0.3
0.3
0.25
0.22
0.24
0.3
0.37
0.28
0.26
0.28
0.29
0.26
0.24
0.25
0.27
0.28
0.25
0.25
0.27
0.29
0.31
0.31
0.32
0.29
0.27
0.25
0.26
0.28
0.27
0.25
0.24
0.27
0.28
0.26
0.25
0.29
0.37
0.32
0.25
0.23
0.26
0.27
0.28
0.24
0.24
0.28
0.26
0.24
0.22
0.25
0.33
0.31
0.29
0.24
0.82
1.4
1.36
1.29
1.09
0.89
0.58
0.27
0.24
0.25
0.27
0.31
0.31
0.32
0.31
0.3
0.28
0.26
0.27
0.28
0.28
0.27
0.26
0.28
0.27
0.26
0.26
0.32
0.37
0.34
0.28
0.25
0.29
0.29
0.26
0.24
0.26
0.29
0.29
0.25
0.23
0.25
0.3
0.35
0.3
0.28
0.29
0.26
0.22
0.22
0.25
0.3
0.3
0.26
0.23
0.27
0.29
0.3
0.29
0.31
0.32
0.3
0.26
0.22
0.81
1.4
1.36
1.33
1.34
1.37
0.8
0.23
0.27
0.29
0.31
0.33
0.28
0.26
0.28
0.27
0.25
0.25
0.28
0.3
0.28
0.25
0.25
0.31
0.38
