"Var1"
2.04
1.92
1.81
1.72
1.52
1.32
0.98
0.65
0.46
0.27
0.28
0.32
0.36
0.33
0.29
0.29
0.28
0.22
0.15
0.16
0.17
0.17
0.18
0.2
0.18
0.17
0.17
0.18
0.15
0.13
0.15
0.17
0.16
0.14
0.17
0.2
0.18
0.16
0.16
0.16
0.17
0.19
0.22
0.25
0.31
0.36
0.88
1.4
1.37
1.6
1.84
2.51
3.17
2.59
2
1.98
1.77
1.56
1.46
1.47
1.48
1.45
1.38
1.31
2.01
2.72
2.83
2.95
2.09
1.23
1.23
1.25
1.25
1.23
1.21
1.26
1.3
1.27
1.25
1.25
0.19
0.19
0.23
0.26
0.26
0.22
0.18
0.18
0.17
0.18
0.18
0.18
0.18
0.18
0.19
0.2
0.16
0.12
0.16
0.2
0.16
0.13
0.18
0.23
0.19
0.15
0.17
0.19
0.18
0.17
0.2
0.19
0.18
0.19
0.2
0.17
0.14
0.16
0.18
0.16
0.13
0.17
0.2
0.18
0.15
0.18
0.22
0.19
0.17
0.17
0.17
0.17
0.19
0.2
0.18
0.17
0.18
0.18
0.11
0.64
1.18
1.99
2.8
2.67
