"Var1"
0.27
0.24
0.26
0.2
0.2
0.25
0.29
0.31
0.33
0.33
0.29
0.32
0.29
0.29
0.27
0.25
0.27
0.29
0.3
0.26
0.22
0.21
0.21
0.21
0.26
0.23
0.33
0.33
0.34
0.35
0.32
0.32
0.32
0.36
0.28
0.2
0.21
0.21
0.21
0.24
0.24
0.43
0.61
0.97
1.32
0.97
0.64
0.32
0.28
0.24
0.49
0.75
0.58
0.4
0.39
0.34
0.29
0.29
0.28
0.28
0.3
0.32
0.32
0.38
0.38
0.37
0.36
0.36
0.36
0.38
0.34
0.31
0.37
0.42
0.43
0.43
0.71
0.99
1.14
1.29
1.16
1.03
0.69
0.34
0.55
0.76
1.1
1.45
2.12
2.12
1.04
1.04
1.73
2.41
1.4
0.4
0.38
0.37
0.46
0.54
0.51
0.25
0
0
0
0
0
0
0
0.03
0.05
0.03
0
0.05
0.1
0.33
0.55
0.48
0.55
0.62
0.65
0.68
0.68
0.75
0.75
1.34
1.92
1.77
1.61
1.5
1.5
2.13
2.13
2.01
1.9
1.75
1.6
1.49
1.38
1.37
1.36
1.35
1.34
1.34
