"Var1"
0.29
0.33
0.36
0.39
0.36
0.32
0.32
0.32
0.31
0.29
0.31
0.32
0.31
0.29
0.26
0.29
0.32
0.32
0.35
0.35
0.35
0.4
0.38
0.36
0.35
0.33
0.32
0.28
0.25
0.24
0.28
0.32
0.31
0.3
0.29
0.29
0.28
0.28
0.82
1.37
1.78
2.19
2.24
2.28
2.44
2.61
2.77
2.77
2.08
2.08
2.08
2.07
1.78
1.49
1.49
1.41
1.41
1.41
1.39
1.39
1.58
1.77
1.86
1.95
1.37
0.8
0.8
0.55
0.53
0.53
0.53
0.9
1.27
0.86
0.44
0.95
1.46
1.39
1.41
1.43
1.54
1.65
1.62
1.55
1.48
1.39
1.05
0.7
0.52
0.33
0.31
0.3
0.28
0.28
0.27
0.27
0.3
0.33
0.33
0.31
0.36
0.36
0.39
0.41
0.65
0.89
0.66
0.43
0.38
0.33
0.34
0.37
0.39
0.32
0.26
0.7
1.15
1.24
1.32
0.68
0.91
1.15
1.75
2.36
2.82
3.28
2.74
2.21
2.33
2.19
2.06
2.79
3.52
3.18
1.92
0.67
0.68
0.7
0.53
0.37
0.4
0.43
0.46
0.48
