"Var1"
0.62
0.53
0.44
0.38
0.34
0.29
0.28
0.27
0.22
0.21
0.2
0.26
0.27
0.29
0.24
0.2
0.21
0.22
0.22
0.21
0.19
0.23
0.27
0.28
0.25
0.19
0.17
0.15
0.24
0.21
0.18
0.19
0.21
0.25
0.3
0.21
0.13
0.47
0.82
1.16
1.5
2.55
2.02
1.49
1.58
1.78
1.97
1.71
1.45
1.51
1.58
1.56
1.5
1.44
1.35
1.25
1.24
1.24
1.17
1.2
1.22
1.34
1.29
1.24
0.9
0.56
0.42
0.27
0.19
0.11
0.2
0.29
0.27
0.24
0.13
0.17
0.22
0.21
0.21
0.17
0.12
0.21
0.25
0.29
0.29
0.18
0.18
0.19
0.2
0.21
0.2
0.19
0.21
0.23
0.24
0.22
0.18
0.18
0.17
0.22
0.2
0.19
0.2
0.23
0.25
0.23
0.21
0.17
0.2
0.23
0.28
0.32
0.28
0.26
0.43
0.6
0.91
1.23
0.96
0.7
0.49
0.29
0.24
0.2
0.16
0.27
0.39
0.77
1.16
0.66
0.85
1.04
0.92
0.79
0.67
0.68
0.68
0.7
0.71
0.62
0.51
0.41
0.42
0.44
