"Var1"
2.52
2.56
2.6
2.61
2.56
2.54
2.53
2.54
2.52
2.52
2.51
2.52
2.53
2.57
2.57
2.58
2.6
2.64
2.62
2.59
2.56
2.54
2.49
2.47
2.48
2.47
2.44
2.45
2.49
2.5
2.48
2.51
2.54
2.51
2.44
2.41
2.43
2.45
2.42
2.44
2.46
2.45
2.41
2.42
2.45
2.46
2.47
2.48
2.47
2.43
2.43
2.44
2.45
2.43
2.39
2.91
3.44
3.48
3.5
3.51
3.01
2.51
2.4
2.48
2.57
2.57
2.58
2.58
2.57
2.57
2.58
2.56
2.55
2.58
2.62
2.65
2.65
2.65
2.61
2.59
2.59
2.64
1.45
0.25
0.41
0.57
0.8
1.23
1.87
2.36
2.68
2.43
2.19
1.73
1.27
1.32
1.35
1.33
1.32
1.36
1.45
1.54
1.6
1.68
1.66
1.63
1.51
1.44
1.45
1.48
1.48
1.45
1.45
1.5
1.27
1.05
0.75
0.45
0.48
0.48
0.43
0.43
0.44
0.42
0.39
0.41
0.44
0.43
0.39
0.4
0.44
0.45
0.43
0.46
0.49
0.48
0.42
0.4
0.46
0.45
0.41
0.4
0.45
0.52
