"Var1"
0.22
0.26
0.28
0.3
0.3
0.29
0.29
0.28
0.27
0.27
0.27
0.3
0.19
0.19
0.2
0.22
0.26
0.21
0.15
0.13
0.2
0.27
0.23
0.19
0.19
0.13
0.3
0.3
0.81
1.33
1.28
0.98
0.69
0.49
0.3
0.32
0.33
0.35
0.36
0.63
0.89
0.58
0.27
0.26
0.62
0.98
1.1
1.22
1.22
1.17
1.26
1.25
1.25
1.23
1.2
1.2
1.21
0.86
0.52
0.39
0.26
0.26
0.25
0.29
0.27
0.24
0.24
0.26
0.26
0.28
0.3
0.24
0.19
0.19
0.23
0.26
0.18
0.16
0.14
0.14
0.22
0.22
0.18
0.15
0.15
0.19
0.22
0.23
0.24
0.21
0.17
0.24
0.32
0.29
0.26
0.23
0.19
0.22
0.26
0.3
0.3
0.22
0.22
0.22
0.22
0.22
0.2
0.17
0.17
0.2
0.22
0.74
1.26
1.22
0.94
0.67
0.48
0.29
0.16
0.18
0.21
0.26
0.28
0.31
0.25
0.19
0.22
0.25
0.29
0.28
0.26
0.24
0.24
0.24
0.23
0.22
0.18
0.15
0.17
0.19
0.24
0.19
0.14
0.12
