"Var1"
1.66
1.58
1.5
0.99
0.48
0.52
0.53
0.51
0.46
0.41
0.45
0.49
0.44
0.45
0.56
0.71
0.6
0.48
0.49
0.49
0.49
0.5
0.51
0.5
0.5
0.33
0.16
0.16
0.19
0.17
0.16
0.16
0.18
0.2
0.17
0.17
0.17
0.17
0.17
0.19
0.18
0.16
0.13
0.7
1.26
1.23
1.23
1.22
1.18
1.15
1.15
1.19
1.21
1.22
1.21
1.2
1.21
1.28
1.9
2.53
2.05
1.56
1.37
1.17
1.18
1.22
1.3
1.38
1.62
1.85
1.53
1.22
1.28
1.28
1.2
2.27
3.34
2.23
1.13
1.16
1.2
1.21
1.18
1.17
1.18
1.2
1.22
1.25
1.23
1.22
1.22
1.22
1.22
1.2
1.22
1.3
0.72
0.14
0.2
0.22
0.21
0.21
0.21
0.2
0.21
0.23
0.23
0.18
0.21
0.26
0.21
0.16
0.18
0.22
0.24
0.21
0.2
0.2
0.21
0.21
0.23
0.22
0.17
0.23
0.29
0.24
0.19
0.18
0.24
0.23
0.2
0.19
0.21
0.22
0.21
0.22
0.2
0.2
0.21
0.26
0.29
1.02
1.75
1.95
