"Var1"
0.38
0.39
0.39
0.38
0.46
0.4
0.35
0.36
0.38
0.33
0.28
0.32
0.37
0.32
0.28
0.32
0.36
0.37
0.38
0.4
0.42
0.38
0.34
0.33
0.33
0.33
0.33
0.32
0.31
0.85
1.39
1.22
1.06
0.74
0.43
0.42
0.41
0.42
0.94
1.45
1.86
2.28
2.13
1.99
1.95
1.91
1.87
1.87
1.87
1.87
1.86
1.85
1.84
1.74
1.47
1.19
1.19
1.2
1.21
1.2
1.18
1.2
1.23
1.06
0.9
0.59
0.27
0.23
0.19
0.19
0.19
0.19
0.2
0.19
0.17
0.19
0.21
0.22
0.22
0.26
0.3
0.25
0.21
0.23
0.19
0.15
0.18
0.22
0.19
0.16
0.18
0.2
0.21
0.23
0.24
0.25
0.26
0.27
0.22
0.16
0.23
0.24
0.25
0.2
0.15
0.18
0.22
0.23
0.23
0.26
0.29
0.26
0.22
0.18
0.26
0.34
0.35
0.37
1.21
2.06
2.32
2.59
2.18
1.78
1.83
1.78
1.74
3.86
2.52
1.18
1.76
2.33
1.72
1.1
1.07
1.07
1
0.99
0.99
0.94
0.89
0.93
0.97
0.97
