"Var1"
0.24
0.26
0.31
0.36
0.4
0.3
0.26
0.3
0.31
0.29
0.29
0.3
0.33
0.31
0.29
0.27
0.28
0.31
0.35
0.33
0.27
0.27
0.31
0.31
0.28
0.28
0.33
0.36
0.31
0.26
0.25
0.3
0.32
0.32
0.28
0.23
0.27
0.32
0.71
1.11
1.11
2.71
2.71
2.25
2.46
2.68
2.73
2.79
2.75
2.71
2.21
1.71
1.66
1.61
1.5
1.4
1.5
1.91
2.33
1.86
1.4
1.33
1.28
1.3
1.36
1.42
1.42
1.43
1.4
1.38
1.34
1.35
1.36
1.4
1.41
1.42
1.4
1.38
1.37
1.36
1.42
1.48
1.38
1.28
0.94
0.63
0.25
0.29
0.34
0.36
0.35
0.33
0.32
0.36
0.43
0.41
0.37
0.33
0.34
0.32
0.28
0.24
0.24
0.28
0.31
0.24
0.24
0.29
0.31
0.29
0.3
0.36
0.47
0.71
0.95
1.54
2.12
2.24
2.36
2.4
2.41
2.44
2.58
2.75
2.25
1.75
1.86
2.66
3.47
3.18
2.89
2.86
2.82
2.82
0.65
0.65
0.55
0.45
0.4
0.4
0.41
0.41
0.38
0.33
