"Var1"
0.41
0.34
0.28
0.3
0.31
0.32
0.3
0.28
0.27
0.27
0.26
0.25
0.3
0.34
0.34
0.35
0.37
0.36
0.35
0.38
0.41
0.37
0.32
0.32
0.32
0.33
0.32
0.64
0.96
1.15
1.34
1.06
0.74
0.41
0.34
0.28
0.31
0.66
1.01
1.42
1.83
2.08
2.34
2.01
1.68
1.93
2.18
2.18
2.36
2.36
2.37
2.38
2.36
2.34
2.12
1.91
2.07
2.08
2.09
1.76
1.43
1.39
1.35
1.31
1.34
1.38
1.34
1.31
1.31
1.36
1.36
1.33
1.33
1.34
1.33
1.32
1.36
1.39
1.34
1.28
1.29
1.31
1.3
1.28
1.34
1.39
1.36
1.32
1.34
1.35
1.35
1.34
1.37
1.39
1.37
1.34
1.36
1.37
1.36
1.34
1.34
1.34
1.36
1.38
1.36
1.35
1.36
1.36
1.36
0.42
0.42
0.43
0.44
0.77
1.09
1.64
2.18
1.61
1.05
1.05
1.11
1.17
1.23
1.29
1.23
1.17
1.29
1.41
1.28
1.16
1.07
0.99
0.87
0.76
0.91
0.91
0.91
0.9
0.88
0.65
0.42
0.38
0.34
0.39
