"Var1"
0.39
0.34
0.28
0.21
0.22
0.27
0.32
0.29
0.27
0.33
0.31
0.3
0.25
0.21
0.29
0.27
0.26
0.21
0.29
0.37
0.35
0.33
0.27
0.21
0.27
0.33
0.27
0.21
0.28
0.35
0.34
0.32
0.28
0.32
0.36
0.31
0.26
0.21
0.23
0.26
0.3
0.9
1.5
1.5
1.5
1.5
1.76
1.76
1.76
2.11
2.11
1.72
1.33
2.43
3.54
2.37
1.21
1.25
1.29
1.29
1.29
0.84
0.4
0.35
0.36
0.36
0.3
0.23
0.28
0.33
0.28
0.27
0.25
0.31
0.36
0.32
0.29
0.3
0.31
0.3
0.28
0.28
0.27
0.3
0.31
0.31
0.3
0.31
0.33
0.3
0.27
0.27
0.28
0.31
0.29
0.26
0.32
0.37
0.36
0.34
0.26
0.28
0.3
0.31
0.3
0.27
0.3
0.33
0.38
0.35
0.32
0.31
0.29
1.72
3.14
2.31
1.48
0.95
0.42
0.49
0.55
0.4
0.24
1.61
2.99
2.9
2.81
2.74
2.67
2.54
2.4
2.32
2.24
2.61
2.98
3.22
2.75
2.27
2.27
0.42
0.42
0.36
0.29
0.31
