"Var1"
0.31
0.29
0.27
0.3
0.33
0.32
0.32
0.32
0.3
0.28
0.28
0.29
0.28
0.27
0.31
0.35
0.34
0.33
0.32
0.35
0.37
0.3
0.24
0.31
0.28
0.26
0.26
0.32
0.32
0.31
0.3
0.29
0.27
0.28
0.29
0.28
0.28
0.31
0.35
0.46
1.57
2.69
2.78
2.88
2.87
2.87
2.67
2.48
2.48
3.57
3.57
2.5
1.42
1.42
1.3
1.3
1.64
1.98
1.98
1.24
1.24
1.34
1.33
1.31
1.31
0.26
0.26
0.26
0.3
0.3
0.29
0.27
0.29
0.29
0.29
0.24
0.26
0.28
0.25
0.21
0.26
0.31
0.21
0.37
0.54
0.52
0.44
0.37
0.37
0.37
0.31
0.31
0.36
0.36
0.41
0.46
0.64
0.82
0.85
0.89
1.09
1.29
1.35
1.41
1.38
1.34
1.34
0.3
0.3
0.21
0.62
1.03
1.04
1.06
1.37
0.83
0.29
0.67
1.1
1.54
1.53
1.55
1.57
1.54
1.51
1.84
2.17
2.67
2.57
2.47
2.05
1.64
1.67
1.71
2.4
3.08
2.66
2.66
4.3
4.3
2.54
0.79
0.79
0.79
