"Var1"
0.3
0.35
0.4
0.59
0.78
1.07
1.36
1.34
0.75
0.15
0.15
0.16
0.17
0.16
0.16
0.13
0.09
0.14
0.19
0.22
0.24
0.19
0.15
0.12
0.16
0.2
0.15
0.09
0.12
0.16
0.19
0.16
0.14
0.16
0.18
0.2
0.21
1.46
2.71
2.19
1.67
1.49
1.3
1.34
1.39
1.76
2.13
2.13
1.23
1.23
0.93
0.63
0.23
0.6
0.96
0.55
0.14
0.17
0.21
0.27
0.33
0.35
0.38
0.41
0.44
0.46
0.36
0.27
0.32
0.37
0.36
0.36
0.61
0.87
1.17
1.47
1.47
0.14
0.14
0.15
0.17
0.19
0.17
0.16
0.19
0.23
0.25
0.28
0.24
0.21
0.18
0.17
0.16
0.2
0.24
0.21
0.17
0.2
0.24
0.3
0.29
0.28
0.25
0.25
0.25
0.26
0.28
0.29
0.33
0.36
0.41
0.46
0.46
0.69
0.69
0.76
0.78
0.81
0.84
0.71
0.58
0.54
0.64
0.73
0.86
0.95
1.03
1.02
1.44
1.86
1.63
1.41
1
0.59
0.57
0.54
0.62
0.7
0.76
0.83
0.69
0.55
0.39
0.23
