"Var1"
0.31
0.32
0.3
0.28
0.27
0.31
0.31
0.31
0.27
0.27
0.3
0.29
0.3
0.31
0.33
0.3
0.28
0.26
0.28
0.29
0.31
0.31
0.3
0.29
0.29
0.27
0.28
0.45
0.62
0.98
1.34
0.84
0.57
0.29
0.27
0.29
0.34
0.33
0.26
0.26
2.3
2.3
2.13
2.48
2.82
2.82
2.24
2.24
1.79
1.35
1.37
1.36
1.31
1.32
1.35
1.34
1.28
1.26
1.32
1.38
1.36
1.32
1.31
1.35
1.34
1.29
1.3
1.37
1.38
1.33
1.3
1.31
1.35
1.01
0.68
0.5
0.33
0.31
0.29
0.27
0.27
0.29
0.32
0.32
0.3
0.29
0.31
0.3
0.26
0.26
0.33
0.35
0.32
0.28
0.29
0.32
0.3
0.25
0.28
0.36
0.35
0.28
0.24
0.29
0.3
0.27
0.3
0.37
0.41
0.39
0.64
0.89
1.05
1.21
1.51
1.8
1.8
0.66
0.66
1.67
2.68
2.68
3.16
3.16
2.95
2.73
2.47
2.21
1.85
1.48
3.03
1.77
0.52
0.47
0.44
0.45
0.45
0.4
0.37
0.37
0.37
0.34
0.3
0.26
