"Var1"
0.35
0.35
0.35
0.35
0.39
0.39
0.35
0.32
0.34
0.35
0.37
0.36
0.35
0.35
0.38
0.38
0.34
0.29
0.29
0.3
0.32
0.35
0.32
0.34
0.36
0.31
0.26
0.26
0.26
0.32
0.38
0.31
0.24
0.24
0.3
0.3
0.32
0.34
0.34
0.34
1.54
2.74
2.21
1.69
1.71
1.73
1.31
0.89
1.54
2.2
1.95
1.7
1.79
1.8
1.82
1.54
1.44
1.35
1.44
1.39
1.33
1.33
1.34
1.34
1.34
1.13
0.77
0.42
0.42
0.36
0.36
0.94
1.51
1.81
1.81
1.49
1.49
1.4
0.93
0.46
0.46
0.33
0.3
0.47
0.47
0.55
0.63
0.49
0.36
0.33
0.32
0.31
0.28
0.32
0.36
0.33
0.33
0.32
0.31
0.3
0.3
0.37
0.37
0.59
0.82
1.09
1.36
1.02
0.68
0.33
0.35
0.37
0.35
0.32
0.63
0.94
1.57
2.19
2.31
2.42
2.33
2.23
2.11
1.99
2.4
2.7
3.01
3.79
4.57
3.71
2.85
2.91
2.97
2.62
2.28
2.76
3.25
2.31
1.38
1.4
1.42
1.41
1.4
1.31
