"Var1"
0.11
0.16
0.16
0.15
0.14
0.17
0.18
0.17
0.14
0.17
0.19
0.17
0.15
0.16
0.19
0.17
0.16
0.17
0.19
0.17
0.16
0.16
0.19
0.17
0.16
0.16
0.19
0.17
0.16
0.16
0.18
0.19
0.21
0.23
0.26
0.25
0.27
0.31
0.93
1.55
3.39
2.65
1.91
1.93
1.98
2.05
2.13
1.81
1.54
1.26
1.26
1.27
1.27
1.25
1.26
1.27
1.29
1.25
1.23
0.84
0.45
0.22
0.22
0.23
0.24
0.22
0.22
0.23
0.24
0.22
0.22
0.24
0.24
0.22
0.22
0.24
0.24
0.22
0.22
0.24
0.23
0.23
0.22
0.24
0.23
0.22
0.22
0.24
0.24
0.22
0.22
0.25
1.49
2.72
2.5
2.28
2.24
2.2
1.84
1.48
1.48
3.46
3.46
3.3
3.15
3.15
1.37
1.37
1.22
1.07
0.68
0.3
0.35
0.35
0.49
0.63
0.75
1.44
2.14
2
1.87
1.84
3.03
4.22
4.93
5.64
4.35
3.07
2.64
2.2
2.2
0.65
0.65
0.46
0.32
0.26
0.24
0.22
0.18
0.16
0.16
0.18
0.19
0.17
