"Var1"
0.24
0.25
0.28
0.31
0.27
0.23
0.21
0.22
0.23
0.16
0.16
0.19
0.2
0.15
0.16
0.19
0.21
0.2
0.21
0.28
0.28
0.22
0.19
0.2
0.19
0.17
0.15
0.18
0.17
0.15
0.14
0.16
0.2
0.23
0.22
0.22
0.19
0.16
0.13
0.13
0.89
1.65
1.79
1.91
1.99
1.51
1.04
2.22
3.4
2.44
1.48
1.38
1.27
0.99
0.71
0.46
0.21
0.18
0.15
0.16
0.2
0.24
0.23
0.2
0.18
0.16
0.16
0.17
0.17
0.17
0.15
0.17
0.17
0.17
0.18
0.23
0.31
0.94
1.56
1.45
1.06
0.7
0.4
0.42
0.43
0.41
0.56
0.72
0.75
0.75
0.76
0.79
0.82
0.82
0.72
0.63
0.67
0.67
0.63
0.64
0.67
0.68
0.62
0.66
0.72
0.75
0.74
0.75
0.81
0.66
0.51
0.45
0.39
0.38
0.35
0.3
0.52
0.75
0.99
1.24
2.12
3
2.59
2.18
2.2
2.23
4.16
6.1
4.83
3.56
3.56
1.53
1.53
1.98
2.43
2.43
0.64
0.64
0.49
0.34
0.36
0.35
0.32
0.31
