"Var1"
1.44
1.41
1.27
1.12
0.78
0.44
0.35
0.28
0.26
0.27
0.32
0.32
0.29
0.31
0.36
0.37
0.31
0.26
0.27
0.3
0.3
0.25
0.25
0.31
0.31
0.27
0.24
0.27
0.32
0.37
0.27
0.24
0.28
0.27
0.26
0.23
0.26
0.31
0.31
0.27
0.26
1.22
1.97
1.9
1.54
1.96
2.46
2.56
2.67
1.98
1.98
1.93
1.93
1.79
1.66
1.7
1.72
1.69
1.62
1.59
1.56
1.56
1.55
1.53
1.52
1.56
1.29
1.02
1.27
1.52
1.54
1.53
1.49
1.46
1.41
1.42
1.45
1.47
1.45
1.54
1.62
1.52
1.43
1.41
1.41
1.4
1.4
1.34
1.35
1.41
1.42
1.37
1.33
1.38
1.4
1.41
1.36
1.39
1.47
1.45
1.38
1.33
1.37
0.99
0.6
0.43
0.26
0.33
0.33
0.28
0.28
0.35
0.39
0.36
0.3
0.29
0.31
0.31
0.27
0.27
0.31
0.32
0.29
0.27
0.3
0.35
0.36
0.34
0.32
0.31
0.31
0.29
0.28
0.3
0.32
0.29
0.45
0.6
0.71
0.81
0.84
0.86
0.83
0.8
