"Var1"
0.19
0.24
0.26
0.23
0.21
0.2
0.21
0.2
0.17
0.18
0.22
0.26
0.24
0.18
0.17
0.19
0.21
0.18
0.17
0.19
0.24
0.26
0.21
0.19
0.19
0.46
0.72
0.95
1.17
1.27
0.75
0.22
0.18
0.18
0.19
0.2
0.18
0.17
0.2
0.23
0.25
1.96
3.67
2.51
1.36
1.27
1.32
1.37
1.34
0.77
0.2
0.2
0.21
0.21
0.18
0.14
0.17
0.21
0.25
0.21
0.18
0.17
0.18
0.19
0.14
0.15
0.21
0.23
0.22
0.21
0.24
0.27
0.22
0.16
0.15
0.2
0.25
0.3
0.3
0.3
0.32
0.3
0.26
0.25
0.29
0.45
0.61
0.43
0.38
0.32
0.31
0.28
0.26
0.28
0.36
0.79
1.16
1.3
0.99
0.68
0.5
0.33
0.33
0.34
0.27
0.26
0.28
0.31
0.3
0.29
0.32
0.35
0.35
0.27
0.28
0.31
0.37
0.36
0.36
0.5
0.5
0.51
0.36
0.22
1.36
2.51
2.1
2.83
3.56
3.06
2.51
1.93
1.71
1.5
2.13
2.43
1.68
0.73
0.32
0.29
0.25
0.24
0.22
0.2
