"Var1"
0.12
0.23
0.2
0.17
0.14
0.15
0.21
0.25
0.29
0.24
0.23
0.23
0.25
0.27
0.27
0.26
0.24
0.21
0.22
0.25
0.25
0.19
0.14
0.12
0.13
0.19
0.25
0.17
0.13
0.15
0.2
0.23
0.2
0.17
0.16
0.73
1.3
1.33
1.33
1.01
0.69
0.47
0.25
0.29
0.26
0.23
0.19
0.21
0.25
0.21
0.17
0.13
0.13
0.18
0.21
0.21
0.16
0.15
0.16
0.19
0.2
0.21
0.2
0.2
0.21
0.24
0.28
0.28
0.25
0.5
0.77
0.63
0.36
0.3
0.24
0.21
0.23
0.24
0.22
0.19
0.17
0.16
0.17
0.18
0.21
0.21
0.18
0.14
0.14
0.2
0.2
0.21
0.2
0.2
0.23
0.26
0.29
0.24
0.23
0.23
0.27
0.33
0.88
1.43
1.36
1.33
1.34
1.34
1.34
1.31
1.27
0.73
0.19
0.26
0.25
0.22
0.16
0.15
0.19
0.23
0.27
0.23
0.22
0.26
0.3
0.32
0.28
0.25
0.25
0.26
0.28
0.29
0.29
0.26
0.22
0.21
0.22
0.25
0.23
0.17
0.14
0.14
0.2
0.27
