"Var1"
0.19
0.22
0.25
0.19
0.14
0.11
0.2
0.28
0.23
0.19
0.2
0.21
0.2
0.18
0.18
0.19
0.19
0.18
0.16
0.14
0.12
0.17
0.22
0.22
0.24
0.24
0.28
0.2
0.12
0.56
1
1.11
1.22
0.71
0.2
0.2
0.2
0.17
0.14
0.17
0.2
1.26
2.33
1.32
0.32
0.72
1.1
1.47
1.4
1.34
1.37
1.38
1.39
1.39
1.42
1.42
1.46
1.42
1.38
1.31
0.98
0.65
0.49
0.32
0.38
0.44
0.4
0.36
0.35
0.44
0.53
0.4
0.27
0.25
0.28
0.31
0.25
0.19
0.19
0.19
0.35
0.35
0.35
0.35
0.35
0.42
0.48
0.44
0.4
0.39
0.41
0.44
0.38
0.32
0.39
0.39
0.39
0.31
0.24
0.82
1.39
1.3
1.21
1.23
1.26
1.3
1.31
1.31
1.29
0.97
0.65
0.44
0.23
0.21
0.2
0.33
0.46
0.41
0.35
0.27
0.19
0.21
0.23
0.55
0.88
0.6
0.32
1.5
2.68
2.38
2.08
2.72
1.86
1
0.97
0.95
0.98
1
0.7
0.4
0.86
1.33
1.29
1.24
