"Var1"
0.23
0.26
0.74
1.22
1.56
1.89
1.78
1.67
1.48
1.28
1.2
1.16
1.21
0.89
0.57
0.35
0.13
0.18
0.21
0.2
0.18
0.18
0.18
0.17
0.18
0.21
0.2
0.16
0.16
0.19
0.23
0.2
0.16
0.15
0.2
0.21
0.18
0.16
0.18
0.19
0.19
0.21
0.26
1.04
1.83
1.79
1.59
1.39
1.32
1.29
1.28
2.15
3.02
2.64
2.27
2.25
2.23
2.19
2.17
2.11
1.99
2.15
2.3
1.8
1.29
1.3
1.32
1.33
1.3
1.26
1.67
2.08
1.64
1.2
1.24
1.27
1.25
1.21
1.2
1.21
1.22
0.69
0.15
0.23
0.24
0.23
0.24
0.27
0.26
0.2
0.17
0.23
0.24
0.22
0.21
0.22
0.21
0.21
0.23
0.25
0.22
0.18
0.2
0.25
0.26
0.21
0.18
0.23
0.24
0.22
0.2
0.21
0.21
0.22
0.23
0.22
0.19
0.21
0.25
0.25
0.2
0.17
0.21
0.23
0.23
0.22
0.2
0.23
0.22
0.21
0.21
0.21
0.2
0.21
0.24
0.22
0.18
0.17
0.21
0.25
1.17
2.1
2.1
2.1
