"Var1"
0.53
0.49
0.46
0.62
0.77
1.04
1.31
1.35
0.8
0.26
0.21
0.2
0.22
0.21
0.19
0.19
0.2
0.22
0.26
0.3
0.24
0.21
0.24
0.28
0.3
0.29
0.26
0.24
0.24
0.23
0.22
0.2
0.18
0.16
0.19
0.21
0.22
0.2
0.17
0.12
1.15
2.18
1.69
1.2
1.55
1.63
1.7
1.56
1.39
1.32
1.25
1.28
1.32
1.3
1.28
1.21
1.16
0.98
0.81
0.48
0.16
0.17
0.2
0.21
0.23
0.21
0.19
0.16
0.16
0.18
0.25
0.24
0.23
0.21
0.23
0.28
0.27
0.25
0.21
0.21
0.22
0.23
0.23
0.16
0.15
0.17
0.2
0.21
0.2
0.2
0.19
0.18
0.19
0.2
0.2
0.19
0.19
0.22
0.27
0.3
0.27
0.23
0.21
0.25
0.32
0.26
0.2
0.19
0.21
0.23
0.74
1.25
1.21
1.21
0.51
0.51
0.49
0.48
0.48
0.37
0.26
0.31
0.37
0.48
0.61
0.73
0.84
0.88
0.73
0.58
0.54
1.34
2.15
2.15
4.6
4.6
3.4
2.2
2.18
1.68
1.19
1.62
2.05
1.28
