"Var1"
0.38
0.32
0.29
0.3
0.3
0.27
0.23
0.22
0.26
0.31
0.24
0.24
0.29
0.28
0.27
0.29
0.34
0.38
0.38
0.31
0.28
0.3
0.28
0.25
0.23
0.27
0.31
0.31
0.25
0.25
0.29
0.32
0.31
0.32
0.35
0.37
0.36
0.32
0.29
0.29
0.29
0.27
0.27
0.28
0.29
0.27
0.26
0.28
0.28
0.29
0.3
0.35
0.37
0.35
0.33
0.33
0.32
0.28
0.26
0.26
0.29
0.31
0.78
1.24
1.32
1.34
1.31
1.31
0.43
0.43
0.37
0.31
0.31
0.34
0.33
0.26
0.23
0.24
0.26
0.29
0.24
0.25
0.32
0.3
0.25
0.25
0.34
0.37
0.36
0.31
0.31
0.35
0.33
0.26
0.24
0.28
0.31
0.28
0.25
0.26
0.29
0.29
0.26
0.31
0.35
0.37
0.35
0.34
0.34
0.32
0.29
0.27
0.29
0.28
0.27
0.26
0.28
0.3
0.28
0.26
0.29
0.35
0.36
0.34
0.33
0.36
0.36
0.3
0.25
0.28
0.31
0.3
0.24
0.26
0.31
0.36
0.73
1.1
1.33
1.38
1.43
1.16
0.9
0.43
