"Var1"
1.57
1.4
1.26
0.72
0.18
0.21
0.19
0.17
0.16
0.18
0.17
0.17
0.17
0.17
0.16
0.18
0.18
0.16
0.16
0.2
0.19
0.15
0.14
0.19
0.15
0.11
0.14
0.18
0.19
0.16
0.15
0.16
0.17
0.17
0.18
0.16
0.14
0.13
0.15
0.17
0.13
0.13
0.16
0.19
0.18
0.19
0.25
0.31
0.56
0.81
0.81
2.33
2.33
1.99
1.66
1.56
1.47
1.39
1.33
1.7
2.06
3.27
4.49
2.97
1.46
1.33
1.26
1.19
1.24
1.23
1.2
1.2
1.23
1.22
1.21
1.22
1.22
1.21
1.21
1.22
1.2
1.15
0.71
0.26
0.19
0.18
0.23
0.2
0.16
0.17
0.22
0.2
0.18
0.19
0.21
0.23
0.21
0.21
0.2
0.2
0.21
0.23
0.22
0.18
0.18
0.21
0.24
0.18
0.19
0.24
0.25
0.2
0.18
0.23
0.23
0.21
0.2
0.21
0.21
0.21
0.23
0.21
0.19
0.2
0.23
0.22
0.18
0.17
0.19
0.22
0.18
0.2
0.24
0.24
0.8
1.36
1.91
2.45
2.13
1.85
1.63
1.76
1.9
2.38
