"Var1"
0.39
0.39
0.39
0.33
0.28
0.3
0.32
0.33
0.32
0.32
0.31
0.31
0.31
0.29
0.28
0.26
0.25
0.25
0.24
0.24
0.25
0.25
0.23
0.22
0.25
0.25
0.25
0.24
0.23
0.24
0.25
0.22
0.19
0.22
0.26
0.22
0.23
0.24
0.24
0.24
0.16
0.92
1.68
1.01
0.34
1.01
1.69
1.56
1.42
1.36
1.3
1.3
1.31
1.31
1.32
1.33
1.33
1.31
1.29
0.94
0.59
0.42
0.25
0.25
0.2
0.2
0.2
0.2
0.21
0.22
0.16
0.19
0.22
0.22
0.22
0.18
0.13
0.19
0.25
0.19
0.17
0.14
0.26
0.38
0.26
0.23
0.19
0.26
0.29
0.32
0.27
0.33
0.38
0.34
0.3
0.26
0.21
0.27
0.28
0.28
0.24
0.2
0.25
0.27
0.29
0.24
0.2
0.24
0.27
0.3
0.2
0.47
0.74
1.24
1.75
1.4
1.73
2.06
2.23
2.4
1.88
1.36
0.83
2.04
3.25
2.73
2.22
2.22
1.42
1.42
1.47
1.48
1.49
2.04
2.59
2.59
2.67
2.67
2.67
0.98
0.98
0.58
0.58
0.58
