"Var1"
0.37
0.37
0.34
0.32
0.31
0.32
0.28
0.24
0.25
0.29
0.3
0.26
0.24
0.27
0.29
0.28
0.25
0.3
0.37
0.39
0.33
0.29
0.32
0.3
0.27
0.23
0.26
0.31
0.31
0.25
0.24
0.29
0.3
0.27
0.27
0.32
0.37
0.37
0.33
0.32
0.31
0.29
0.27
0.27
0.28
0.28
0.27
0.27
0.29
0.28
0.26
0.26
0.31
0.34
0.34
0.29
0.88
1.47
1.39
1.33
1.31
0.82
0.32
0.26
0.24
0.28
0.3
0.28
0.23
0.27
0.34
0.36
0.33
0.3
0.33
0.3
0.27
0.23
0.26
0.31
0.31
0.25
0.24
0.28
0.3
0.27
0.24
0.27
0.33
0.35
0.33
0.33
0.34
0.34
0.29
0.27
0.28
0.28
0.27
0.27
0.29
0.28
0.27
0.26
0.29
0.32
0.32
0.33
0.35
0.38
0.35
0.28
0.27
0.3
0.3
0.25
0.24
0.28
0.28
0.27
0.23
0.26
0.31
0.34
0.31
0.31
0.34
0.8
1.26
1.3
1.34
1.41
1.1
0.79
0.55
0.3
0.31
0.28
0.25
0.26
0.29
0.31
0.31
0.31
