"Var1"
2.06
1.86
1.34
0.82
0.54
0.26
0.27
0.26
0.25
0.25
0.27
0.29
0.25
0.23
0.22
0.19
0.18
0.17
0.19
0.19
0.18
0.17
0.19
0.2
0.23
0.25
0.27
0.26
0.25
0.23
0.22
0.19
0.18
0.17
0.19
0.18
0.14
0.57
0.99
1.45
1.86
2.63
3.4
2.49
1.59
1.5
1.42
1.39
1.36
1.28
1.24
1.26
1.24
1.19
0.87
0.53
0.26
0.24
0.25
0.26
0.23
0.18
0.17
0.2
0.19
0.16
0.17
0.2
0.19
0.17
0.2
0.25
0.27
0.24
0.25
0.24
0.21
0.17
0.18
0.19
0.19
0.17
0.18
0.19
0.19
0.18
0.22
0.25
0.27
0.25
0.25
0.23
0.21
0.17
0.18
0.18
0.19
0.17
0.18
0.19
0.19
0.18
0.22
0.25
0.27
0.25
0.44
0.84
1.24
0.89
0.53
0.37
0.2
0.21
0.26
0.26
0.26
0.34
0.43
0.53
0.63
0.44
0.25
0.23
0.19
0.12
0.12
3.48
3.48
2.79
2.09
2.48
2.87
2.62
2.33
1.83
1.32
1
0.72
0.53
0.36
0.25
0.15
0.23
