"Var1"
2.88
2.37
1.87
2.42
2.98
2.3
1.39
0.48
0.3
0.13
0.18
0.19
0.21
0.32
0.43
0.43
0.57
0.5
0.35
0.35
0.29
0.22
0.19
0.19
0.19
0.21
0.23
0.19
0.15
0.23
0.21
0.2
0.21
0.23
0.18
0.13
0.16
0.19
0.18
0.17
0.18
0.19
0.33
1.03
1.73
1.62
1.51
1.61
1.33
1.05
1.17
1.3
1.3
1.29
1.3
1.3
1.17
0.73
0.29
0.38
0.46
0.56
0.66
1.11
1.55
1.54
1.53
1.51
1.49
1.1
0.72
0.64
0.56
0.49
0.72
0.96
1.09
1.23
0.71
0.19
0.18
0.16
0.22
0.28
0.22
0.16
0.18
0.21
0.17
0.12
0.12
0.21
0.14
0.14
0.87
1.59
0.92
0.25
0.21
0.23
0.25
0.22
0.2
0.18
0.17
0.22
0.26
0.28
0.31
0.34
0.37
0.27
0.17
0.25
1
1.75
1.42
0.88
0.33
0.35
0.32
0.29
0.28
0.27
0.27
0.27
0.28
0.29
0.28
0.27
0.65
1.04
1.41
1.78
2.45
2.24
2.04
1.8
1.56
1.08
0.61
0.42
0.24
0.22
