"Var1"
0.25
0.24
0.22
0.17
0.17
0.18
0.21
0.18
0.48
0.86
1.21
1.21
0.7
0.2
0.25
0.27
0.23
0.17
0.16
0.18
0.19
0.17
0.16
0.17
0.19
0.18
0.16
0.2
0.24
0.27
0.24
0.21
0.19
0.18
0.18
0.16
0.16
0.17
0.18
0.14
0.75
1.36
0.94
0.53
0.57
0.96
1.34
1.33
1.27
1
0.72
0.47
0.23
0.21
0.17
0.15
0.17
0.21
0.22
0.21
0.22
0.26
0.27
0.23
0.16
0.15
0.19
0.21
0.18
0.15
0.16
0.19
0.21
0.19
0.2
0.23
0.27
0.28
0.23
0.19
0.18
0.19
0.19
0.17
0.17
0.18
0.19
0.19
0.18
0.22
0.26
0.27
0.26
0.23
0.21
0.2
0.19
0.19
0.17
0.14
0.55
0.95
1.11
1.22
0.85
0.49
0.3
0.31
0.32
0.3
0.28
0.25
0.24
0.26
0.32
0.39
0.59
0.7
0.81
0.71
0.61
1.22
1.84
2.26
2.68
2.17
1.67
1.63
2.14
2.39
1.92
1.21
1.03
0.78
0.54
0.44
0.35
0.32
0.29
0.24
0.21
0.23
0.26
0.29
