"Var1"
0.41
0.3
0.24
0.28
0.28
0.28
0.23
0.25
0.31
0.31
0.26
0.24
0.3
0.35
0.36
0.33
0.33
0.37
0.36
0.29
0.27
0.29
0.31
0.28
0.26
0.28
0.29
0.29
0.27
0.28
0.3
0.33
0.34
0.35
0.36
0.35
0.33
0.3
0.3
0.29
0.27
0.26
0.29
0.3
0.27
0.26
0.28
0.31
0.3
0.3
0.33
0.38
0.37
0.32
0.3
0.31
0.31
0.28
0.23
0.25
0.29
0.31
0.25
0.24
0.29
0.27
0.26
0.28
0.62
1.11
1.41
1.36
1.32
1.32
0.78
0.24
0.23
0.26
0.31
0.31
0.25
0.24
0.29
0.34
0.62
1.11
0.87
0.5
0.47
0.43
0.38
1.35
2.32
2.28
2.24
1.88
1.51
1.49
0.98
0.47
0.42
0.37
0.31
0.25
0.22
0.23
0.22
0.18
0.17
0.22
0.27
0.3
0.27
0.23
0.21
0.21
0.19
0.2
0.22
0.26
0.24
0.2
0.18
0.19
0.21
0.21
0.22
0.24
0.26
0.24
0.2
1.71
3.22
2.24
1.27
1.59
1.91
1.65
1.4
1.11
0.81
0.6
0.39
0.32
