"Var1"
1.7
1.5
1.3
3.4
5.5
4.15
2.8
2.67
2.53
2.49
2.45
2.41
1.64
0.88
0.53
0.19
0.17
0.16
0.16
0.22
0.29
0.19
0.14
0.15
0.21
0.26
0.26
0.22
0.21
0.24
0.26
0.29
0.22
0.17
0.13
0.19
0.24
0.16
0.13
0.17
0.21
0.26
0.3
0.99
1.67
1.52
1.36
1.38
1.38
1.39
1.41
1.38
1.35
1.34
1.33
1.33
1.31
1.3
0.89
0.49
0.31
0.14
0.2
0.23
0.22
0.23
0.28
0.31
0.3
0.28
0.34
0.41
0.34
0.27
0.3
0.3
0.29
0.27
0.62
0.97
0.97
1.31
1.31
1.34
1.38
1.41
1.43
1.46
1.43
1.41
1.04
0.66
0.47
0.28
0.26
0.27
0.27
0.23
0.24
0.26
0.28
0.3
0.33
0.65
0.98
0.75
0.51
0.64
0.48
0.31
1.46
2.6
1.44
0.27
0.35
0.44
0.46
0.47
0.48
1.01
1.54
1.75
1.97
1.89
1.81
1.67
1.54
1.49
1.43
1.41
1.43
1.44
1.53
1.61
1.62
1.61
1.6
1.59
1.55
1
0.55
0.37
0.37
0.36
