"Var1"
0.19
0.4
0.6
1.23
1.86
1.6
1.35
0.73
0.1
0.19
0.19
0.14
0.13
0.17
0.18
0.16
0.15
0.16
0.16
0.16
0.18
0.16
0.13
0.11
0.13
0.16
0.13
0.15
0.18
0.17
0.16
0.16
0.16
0.15
0.18
0.18
0.15
0.15
0.19
0.18
0.15
0.14
0.17
0.17
0.16
0.17
0.16
0.14
0.32
0.74
1.19
2.01
2.83
2.56
2.29
1.86
1.44
1.72
2.01
2.82
3.63
2.73
1.83
2.12
2.41
2.7
2.99
2.58
1.85
1.11
1.17
1.19
1.16
1.17
1.21
1.21
1.17
1.17
1.21
1.21
1.18
1.18
1.21
1.2
1.18
1.19
1.2
1.18
1.19
1.2
1.18
1.15
0.85
0.54
0.34
0.13
0.19
0.21
0.16
0.18
0.21
0.2
0.18
0.19
0.2
0.19
0.19
0.19
0.18
0.18
0.21
0.2
0.16
0.15
0.17
0.2
0.16
0.18
0.21
0.2
0.18
0.18
0.2
0.19
0.19
0.19
0.18
0.18
0.21
0.2
0.16
0.17
0.21
0.21
0.16
0.17
0.21
0.2
0.18
0.19
1.17
2.15
1.98
1.81
