"Var1"
0.21
0.23
0.22
0.21
0.24
0.27
0.26
0.24
0.19
0.23
0.26
0.24
0.22
0.25
0.22
0.19
0.19
0.19
0.19
0.19
0.21
0.23
0.25
0.28
0.31
0.3
0.28
0.25
0.2
0.14
0.17
0.19
0.19
0.19
0.19
0.23
0.26
0.2
0.2
0.2
0.34
1.2
2.07
2.01
1.93
1.86
1.85
1.83
1.79
2.2
2.61
2.61
1.37
1.37
1.27
1.92
2.56
1.94
1.32
1.25
1.19
1.2
1.2
1.19
1.14
1.08
0.64
0.2
0.2
0.21
0.26
0.22
0.17
0.17
0.16
0.18
0.21
0.24
0.27
0.28
0.28
0.28
0.3
0.23
0.16
0.16
0.16
0.16
0.18
0.19
0.19
0.21
0.22
0.23
0.22
0.22
0.22
0.23
0.24
0.21
0.21
0.22
0.22
0.21
0.2
0.2
0.28
0.32
0.36
0.31
0.26
0.31
0.36
0.54
0.72
0.96
1.21
0.91
0.61
0.38
0.14
0.2
0.2
0.19
0.2
0.21
0.23
0.24
0.22
0.26
0.31
0.33
0.38
0.43
0.43
0.26
0.26
0.25
0.23
0.23
0.22
0.22
0.22
0.22
