"Var1"
0.11
0.18
0.25
0.54
0.83
1.03
1.22
1.32
0.76
0.19
0.23
0.27
0.18
0.18
0.18
0.18
0.18
0.16
0.15
0.16
0.16
0.18
0.21
0.23
0.25
0.23
0.22
0.21
0.2
0.19
0.18
0.18
0.18
0.16
0.16
0.18
0.2
0.21
0.23
0.25
0.29
0.53
0.77
0.61
0.45
0.64
0.83
1.04
1.25
1.22
0.86
0.49
0.42
0.36
0.3
0.25
0.29
0.33
0.32
0.31
0.35
0.4
0.36
0.32
0.29
0.26
0.27
0.48
0.69
1.02
1.34
1.12
0.9
0.6
0.29
0.26
0.31
0.36
0.38
0.4
0.31
0.41
0.5
0.46
0.41
0.39
0.39
0.39
0.4
0.31
0.38
0.44
0.39
0.34
0.37
0.4
0.43
0.47
0.45
0.43
0.42
0.4
0.39
0.37
0.38
0.39
0.38
0.38
0.42
0.41
0.4
0.53
0.67
0.67
2.78
2.78
2.22
1.66
0.92
0.17
0.21
0.5
0.79
1.22
1.22
3.19
3.19
3.03
2.87
2.87
2.96
2.96
2.96
2.71
2.71
2.71
2.15
2.15
1.59
1.03
1.27
1.5
1.44
1.37
