"Var1"
0.19
0.24
0.29
0.31
0.27
0.23
0.26
0.27
0.25
0.22
0.25
0.32
0.31
0.25
0.22
0.26
0.28
0.25
0.23
0.27
0.31
0.29
0.25
0.23
0.26
0.27
0.26
0.25
0.28
0.3
0.28
0.25
0.23
0.25
0.26
0.28
0.27
0.28
0.28
0.27
0.26
0.22
0.24
0.27
0.3
0.28
0.26
0.26
0.31
0.56
0.8
1.07
1.35
1.36
1.32
1.07
0.73
0.33
0.25
0.2
0.24
0.3
0.3
0.25
0.21
0.26
0.27
0.24
0.21
0.25
0.3
0.29
0.23
0.22
0.25
0.27
0.24
0.23
0.27
0.3
0.27
0.24
0.22
0.25
0.26
0.26
0.26
0.27
0.29
0.27
0.25
0.22
0.24
0.26
0.28
0.28
0.26
0.26
0.3
0.27
0.24
0.24
0.28
0.31
0.28
0.23
0.23
0.23
0.22
0.2
0.24
0.29
0.31
0.25
0.23
0.26
0.39
0.57
0.92
1.27
1.35
1.41
1.41
0.25
0.25
0.26
0.25
0.23
0.26
0.31
0.29
0.25
0.23
0.25
0.26
0.27
0.25
0.27
0.3
0.3
0.26
0.23
0.24
0.29
