"Var1"
1.78
1.59
1.39
1.45
1.45
1.41
1.4
1.45
1.46
1.4
0.85
0.3
0.34
0.38
0.33
0.33
0.39
0.35
0.31
0.31
0.35
0.38
0.38
0.33
0.33
0.38
0.39
0.35
0.33
0.36
0.38
0.37
0.34
0.34
0.37
0.37
0.35
0.35
0.37
0.38
0.36
0.35
0.36
0.36
0.36
0.35
0.37
0.37
0.35
0.34
0.36
0.38
0.37
0.39
0.41
1.08
1.75
1.68
1.66
1.65
1.5
1.34
1.55
1.75
1.68
1.6
1.48
1.41
1.38
1.33
1.31
1.34
1.39
1.4
1.39
1.38
1.14
0.89
0.56
0.22
0.27
0.29
0.27
0.27
0.29
0.28
0.27
0.27
0.3
0.3
0.31
0.33
0.36
0.38
0.35
0.3
0.3
0.31
0.3
0.25
0.26
0.31
0.32
0.27
0.24
0.26
0.27
0.28
0.29
0.33
0.39
0.37
0.31
0.27
0.28
0.29
0.29
0.24
0.25
0.3
0.3
0.26
0.25
0.28
0.31
0.3
0.31
0.34
0.36
0.35
0.32
0.31
0.32
0.84
1.36
1.36
1.4
0.81
0.23
0.27
0.29
0.28
0.27
0.27
