"Var1"
0.36
0.29
0.25
0.24
0.28
0.27
0.26
0.22
0.86
1.5
1.45
1.37
1.3
0.99
0.69
0.45
0.22
0.24
0.28
0.27
0.25
0.23
0.27
0.33
0.35
0.32
0.28
0.24
0.26
0.27
0.23
0.25
0.29
0.3
0.26
0.23
0.24
0.27
0.3
0.29
0.32
0.34
0.33
0.27
0.24
0.26
0.29
0.31
0.25
0.24
0.29
0.3
0.28
0.28
0.31
0.37
0.34
0.27
0.24
0.28
0.3
0.28
0.26
0.26
0.29
0.29
0.26
0.25
0.29
0.35
0.35
0.31
0.27
0.28
0.31
0.64
1.06
1.34
1.36
1.39
1.08
0.76
0.56
0.35
0.36
0.33
0.3
0.29
0.29
0.28
0.26
0.27
0.28
0.29
0.27
0.26
0.28
0.31
0.34
0.33
0.32
0.3
0.3
0.27
0.25
0.26
0.29
0.29
0.25
0.26
0.28
0.3
0.57
0.83
1.06
1.3
1.89
2.48
1.9
1.31
1.52
1.75
1.91
1.92
1.9
1.86
1.76
1.63
1.55
1.47
1.37
1.28
1.32
1.35
1.36
0.79
0.22
0.31
0.27
0.23
0.24
0.29
0.34
0.38
