"Var1"
0.18
0.19
0.18
0.16
0.2
0.29
0.6
0.91
1.22
0.85
0.48
0.29
0.11
0.16
0.19
0.18
0.14
0.14
0.22
0.21
0.2
0.21
0.24
0.22
0.16
0.13
0.17
0.19
0.18
0.13
0.15
0.19
0.2
0.19
0.2
0.26
0.22
0.17
0.53
0.88
1.59
2.27
2.27
2.02
2.02
1.95
1.91
1.87
1.8
1.72
2.16
2.59
2.01
1.42
1.3
1.22
1.22
1.76
2.3
2.3
1.3
1.3
1.22
1.17
1.14
1.09
1.03
0.6
0.18
0.21
0.2
0.16
0.13
0.15
0.17
0.18
0.13
0.15
0.19
0.19
0.17
0.19
0.25
0.26
0.22
0.16
0.19
0.22
0.18
0.16
0.16
0.19
0.18
0.16
0.14
0.16
0.2
0.22
0.23
0.23
0.24
0.21
0.19
0.16
0.17
0.18
0.2
0.17
0.15
0.16
0.19
0.19
0.16
0.22
0.29
0.44
0.58
0.93
1.27
1.28
1.27
1.25
1.81
2.38
2.28
2.18
2.51
2.84
2.67
2.57
2.54
2.64
2.73
2.64
2.41
2.19
2.23
2.15
2.07
2.06
2.06
1.57
1.57
1.29
