"Var1"
0.4
0.31
0.3
0.33
0.34
0.28
0.27
0.3
0.29
0.27
0.26
0.28
0.31
0.32
0.3
0.32
0.37
0.36
0.3
0.27
0.28
0.29
0.28
0.26
0.28
0.28
0.27
0.26
0.28
0.28
0.27
0.26
0.31
0.36
0.35
0.29
0.27
0.31
0.35
1.44
2.52
2.41
2.3
2.28
2.27
2.35
2.24
2.14
2.08
1.77
1.46
1.42
1.36
1.32
1.32
1.34
1.33
1.33
1.34
1.33
1.33
1.33
1.36
1.36
1.33
1.37
1.42
1.44
1.39
1.33
1.3
1.34
1.38
1.32
1.3
0.87
0.44
0.28
0.37
0.46
1.05
1.65
1.69
1.59
1.5
1.45
1.39
1.38
1.39
1.41
1.4
1.39
0.86
0.33
0.29
0.29
0.32
0.32
0.31
0.34
0.4
0.38
0.3
0.25
0.25
0.27
0.29
0.33
0.37
0.4
0.37
0.32
0.29
0.81
1.33
1.35
1.41
1.48
1.71
1.94
1.92
1.92
3.02
3.02
2.43
1.84
1.72
1.6
1.46
1.46
3.87
3.87
4.08
4.29
4.23
3.71
3.2
3.2
0.83
0.83
0.6
0.49
0.38
0.47
