"Var1"
0.37
0.31
0.28
0.26
0.26
0.3
0.3
0.26
0.23
0.27
0.31
0.31
0.31
0.28
0.24
0.27
0.3
0.3
0.23
0.23
0.29
0.34
0.29
0.23
0.26
0.3
0.27
0.24
0.24
0.24
0.24
1.25
1.25
1.04
0.84
0.62
0.39
0.29
0.45
0.61
1.91
3.21
2.59
1.98
1.85
1.72
1.3
0.87
0.87
1.71
1.65
1.65
1.47
1.29
1.35
1.4
1.53
1.66
1.94
1.94
1.36
1.36
1.57
1.78
2.47
3.17
2.26
1.35
1.36
1.37
1.37
1.35
1.35
1.37
1.39
1.41
1.36
1.31
1.35
1.39
1.35
1.31
1.35
1.39
1.38
1.38
1.28
1.18
0.79
0.39
0.33
0.28
0.39
0.35
0.31
0.28
0.25
0.31
0.36
0.36
0.31
0.31
0.33
0.34
0.26
0.3
0.33
0.37
0.41
0.34
0.28
0.35
0.51
0.67
1.02
1.38
1.83
2.29
2.29
2.34
2.34
2.33
2.32
1.89
1.65
1.42
1.31
1.2
1.2
1.23
1.26
1.27
1.29
1.25
1.22
1.26
0.93
0.59
0.53
0.46
0.39
0.32
0.32
0.32
