"Var1"
0.3
0.32
0.34
0.37
0.57
0.77
1.02
1.27
1.25
0.74
0.23
0.29
0.34
0.35
0.35
0.29
0.24
0.29
0.31
0.32
0.28
0.25
0.3
0.36
0.34
0.31
0.29
0.3
0.31
0.33
0.32
0.3
0.3
0.29
0.33
0.35
0.37
0.92
1.48
1.48
1.47
1.37
1.25
1.12
1
0.88
1.13
1.38
1.35
1.32
1.42
1.59
1.76
1.6
1.44
1.11
0.77
0.73
0.8
0.86
0.82
0.79
0.72
0.74
0.77
0.81
0.85
0.81
0.78
0.83
0.88
0.92
0.55
0.96
1.38
0.96
0.54
0.43
0.36
0.28
0.35
0.35
0.32
0.32
0.3
0.29
0.29
0.26
0.26
0.25
0.24
0.26
0.29
0.31
0.32
0.31
0.3
0.3
0.31
0.26
0.22
0.65
1.08
1.17
1.25
0.98
0.68
0.37
0.34
0.28
0.22
0.27
0.31
0.36
0.22
0.45
0.67
0.55
0.44
0.58
0.73
0.58
0.43
0.67
0.92
0.92
3.09
3.09
2.62
2.15
2.1
2.06
2.35
1.9
1.46
1.35
1.16
0.97
0.66
0.36
0.33
0.3
0.3
0.31
