"Var1"
0.037764633
0.00025311236
0.003977076
0.020764058
0.02173118
0.114
0.414
0.718
0.889
0.969
1.002
1.014
1.017
0.905
0.605
0.304
0.138
0.061
0.053973303
0.0146603
0.035561278
0.045494101
0.030238212
0.043190555
0.021148818
0.039419722
0.017780126
0.04535716
0.04564139
0.018776462
0.012347944
0.02442172
0.018924466
0.0069161007
0.042104272
0.00051942129
-0.114
-0.399
-0.682
-0.836
-0.906
-0.933
-0.943
-0.944
-0.944
-0.948
-0.949
-0.946
-0.948
-0.951
-0.952
-0.952
-0.953
-0.952
-0.952
-0.952
-0.95
-0.949
-0.952
-0.956
-0.96
-0.961
-0.959
-0.958
-0.96
-0.961
-0.96
-0.96
-0.959
-0.958
-0.956
-0.953
-0.949
-0.947
-0.948
-0.951
-0.95
-0.945
-0.941
-0.941
-0.943
-0.944
-0.943
-0.944
-0.952
-0.957
-0.953
-0.946
-0.838
-0.56
-0.284
-0.131
-0.057
-0.015058931
0.0059390887
0.0022057233
0.0083295739
0.028908968
0.0049785927
0.041239881
0.010012772
0.019281287
0.033087255
0.0099204681
0.026583031
0.0094319071
0.018443621
0.023889741
0.043350606
0.030228536
0.031086542
0.012996399
0.034532338
0.03117658
0.019603584
0.027655279
0.041001638
0.019075367
0.034208601
0.022830972
0.013387386
0.038906948
0.039187692
0.053616705
0.054673016
0.031523157
0.03978737
0.020660802
