"Var1"
0.68
0.66
0.64
0.55
0.45
0.34
0.22
0.3
0.38
0.3
0.21
0.25
0.28
0.31
0.35
0.26
0.37
0.48
0.38
0.28
0.17
0.19
0.22
0.23
0.2
0.16
0.22
0.29
0.3
0.3
0.74
1.18
0.97
0.75
0.45
0.16
0.21
0.26
0.3
0.23
0.16
0.16
0.15
0.22
0.19
0.17
0.19
0.22
0.3
0.24
0.18
0.18
0.18
0.18
0.28
0.28
0.29
0.31
0.3
0.27
1.13
2
2.43
2.87
2.12
1.37
2.06
2.74
2.1
1.46
1.41
1.41
1.4
1.37
1.37
2.14
2.14
2.14
2.42
2.42
2.4
2.39
2.1
2.27
2.45
2.2
1.94
2.33
2.33
1.3
1.3
1.04
0.78
0.74
0.69
1.67
2.64
1.65
0.65
0.62
0.87
1.13
1.22
1.32
1.31
1.32
1.05
0.79
0.49
0.2
0.18
0.17
0.17
0.18
0.2
0.22
1.05
1.89
1.41
0.92
0.84
0.77
0.66
0.55
0.48
0.41
0.37
0.34
0.5
0.66
1.28
1.28
2.29
2.29
2.24
2.18
1.8
1.42
1.03
0.63
0.78
0.92
0.78
0.64
