"Var1"
1.84
1.71
1.58
1.46
1.38
1.36
1.07
0.78
0.51
0.24
0.3
0.3
0.26
0.26
0.31
0.36
0.35
0.31
0.3
0.3
0.28
0.26
0.27
0.28
0.28
0.27
0.28
0.28
0.31
0.32
0.34
0.33
0.29
0.27
0.27
0.3
0.28
0.26
0.25
1.73
3.22
3.17
2.89
2.61
2.47
2.32
1.76
1.6
1.45
1.46
1.65
1.83
1.64
1.44
1.35
1.3
1.29
1.37
1.46
1.37
1.37
1.39
1.33
1.28
1.29
1.32
1.35
1.34
1.31
1.32
1.11
0.91
0.6
0.29
0.3
0.29
0.26
0.26
0.28
0.28
0.28
0.28
0.3
0.29
0.27
0.28
0.35
0.8
1.25
0.85
0.45
0.36
0.28
0.24
0.23
0.27
0.32
0.25
0.24
0.7
0.96
0.64
0.3
0.61
0.91
1.11
1.3
1.2
1.1
0.69
0.27
0.46
0.58
0.64
0.64
1.96
1.96
1.64
1.32
1.06
0.72
0.37
0.34
0.36
0.39
0.39
0.39
3.04
3.04
2.85
2.69
2.54
2.5
2.45
2.1
1.74
1.61
1.49
1.43
1.38
1.37
1.41
1.42
1.4
