"Var1"
0.29
0.28
0.28
0.25
0.23
0.25
0.28
0.26
0.24
0.25
0.25
0.28
0.25
0.22
0.24
0.27
0.27
0.26
0.23
0.2
0.24
0.28
0.28
0.26
0.26
0.28
0.26
0.24
0.22
0.25
0.27
0.24
0.22
0.23
0.24
0.71
1.18
1.23
0.93
0.63
0.29
1.05
1.81
1.81
0.87
0.87
1.12
1.38
1.53
1.53
2.01
2.01
1.73
1.44
1.4
1.36
1.33
1.31
1.92
2.53
1.89
1.26
1.27
1.29
1.31
1.32
1.23
1.29
1.35
1.32
1.29
1.09
0.9
0.59
0.27
0.25
0.22
0.23
0.25
0.27
0.25
0.23
0.25
0.28
0.26
0.25
0.24
0.24
0.3
0.24
0.18
0.23
0.27
0.26
0.25
0.22
0.18
0.24
0.3
0.23
0.23
0.23
0.25
0.27
0.25
0.22
0.25
0.26
0.27
0.24
0.24
0.29
0.29
0.28
0.25
0.22
0.19
0.2
0.21
0.2
0.18
0.18
0.78
1.39
1.74
2.09
2.16
2.74
3.32
3.32
1.94
1.94
1.83
1.65
1.47
1.49
1.82
2.14
2.45
2.76
3.35
3.08
2.8
2.67
