"Var1"
0.29
0.25
0.19
0.14
0.17
0.2
0.19
0.18
0.21
0.26
0.26
0.23
0.2
0.19
0.18
0.18
0.16
0.17
0.18
0.19
0.16
0.16
0.19
0.23
0.23
0.23
0.26
0.25
0.19
0.15
0.17
0.19
0.17
0.14
0.16
0.2
0.2
0.79
1.39
1.76
2.13
2.01
1.87
1.73
1.79
1.79
1.66
1.45
1.27
1.18
1.16
1.2
1.22
1.2
1.19
1.24
1.28
1.27
0.9
0.52
0.34
0.19
0.18
0.2
0.23
0.2
0.14
0.14
0.19
0.2
0.17
0.17
0.25
0.26
0.23
0.18
0.17
0.16
0.16
0.11
0.22
0.33
0.49
0.66
0.66
2.25
2.25
2.25
0.6
0.6
0.57
0.55
0.57
1.98
3.24
2.86
2.21
1.97
1.73
1.49
1.25
1.8
2.35
3.22
4.09
3.29
2.48
2.13
1.78
1.43
1.26
0.75
0.24
0.3
0.56
0.82
0.44
0.59
0.74
1.3
1.74
1.74
1.46
1.46
2.95
2.95
3
3.05
3.05
0.68
0.68
0.69
0.71
0.73
0.73
0.7
0.66
0.63
0.57
0.39
0.2
0.2
0.17
0.13
