"Var1"
0.46
0.47
0.46
0.43
0.41
0.41
0.44
0.43
0.42
0.46
0.49
0.48
0.44
0.57
0.69
1.11
1.53
1.33
1.14
0.81
0.48
0.44
0.43
0.46
0.47
0.48
0.47
0.48
0.47
0.46
0.42
0.43
0.47
0.5
0.47
0.46
0.48
0.46
0.43
0.42
0.46
0.45
0.45
0.46
1.53
2.59
1.91
1.23
1.62
2.02
2.63
2.63
3.13
3.13
2.96
2.79
2.73
3.24
3.74
3.99
4.24
4.84
5.43
4.56
3.69
3.11
2.52
3.35
4.19
4.21
4.21
3.51
2.81
2.27
1.72
2.27
2.83
2.34
1.84
1.74
2.24
2.74
2.82
2.58
2.34
1.74
1.74
1.43
1.43
1.35
1.33
1.34
1.34
1.33
1.35
1.37
0.79
0.21
0.23
0.28
0.28
0.27
0.27
0.29
0.27
0.24
0.23
0.26
0.29
0.29
0.27
0.26
0.27
0.24
0.22
0.24
0.27
0.31
0.31
0.25
0.24
0.28
0.28
0.24
0.26
0.35
0.28
0.2
0.22
0.24
0.23
0.22
0.22
0.26
0.26
0.26
0.23
0.25
0.28
0.28
0.26
0.27
0.31
0.32
