"Var1"
0.21
0.17
0.13
0.09
0.14
0.19
0.19
0.2
0.19
0.17
0.16
0.21
0.25
0.14
0.11
0.08
0.14
0.16
0.18
0.13
0.16
0.19
0.22
0.24
0.25
0.2
0.15
0.12
0.12
0.18
0.18
0.15
0.12
0.13
0.15
0.23
0.32
0.32
0.72
0.72
0.57
0.42
0.97
1.52
1.2
2.25
3.31
2.3
1.29
1.31
1.37
1.43
1.76
2.09
2.09
0.61
0.61
0.4
0.18
0.1
0.18
0.27
0.29
0.32
0.29
0.29
0.26
0.26
0.32
0.39
0.36
0.35
0.34
0.43
0.53
0.53
0.46
0.39
0.37
0.35
0.42
0.4
0.37
0.35
0.41
0.48
0.51
0.76
1.36
0.89
0.42
0.42
1.47
1.47
1.41
1.34
0.92
0.51
0.33
0.14
0.2
0.25
0.31
0.27
0.23
0.17
0.12
0.18
0.21
0.22
0.2
0.2
0.2
0.27
0.97
1.66
1.31
0.96
2.82
3.2
3.59
2.7
1.82
1.73
1.64
3.27
4.89
3.88
3.16
2.45
3
2.43
1.87
2.22
2.58
1.47
0.36
0.33
0.3
0.27
0.23
0.25
0.26
0.29
