"Var1"
3.49
3.49
1.63
1.63
1.49
1.35
1.36
0.95
0.53
0.6
0.66
1.06
1.45
1.35
0.85
0.35
0.29
0.3
0.31
0.31
0.32
0.34
0.32
0.32
0.32
0.3
0.28
0.3
0.33
0.33
0.33
0.34
0.34
0.34
0.32
0.32
0.3
0.27
0.29
0.31
0.3
0.29
0.26
0.24
0.31
0.37
0.32
1.14
1.96
1.76
1.57
1.59
1.61
1.63
1.65
2.62
3.59
2.62
1.66
1.57
1.47
1.42
1.38
1.38
1.38
1.52
1.52
5.01
5.01
4.29
3.56
2.69
1.83
1.75
2.49
3.23
3.57
3.91
3.01
2.43
1.86
1.86
2.68
3.5
2.52
1.54
1.51
1.51
1.52
1.46
1.46
2.19
2.19
1.82
1.45
1.41
1.38
1.37
1.35
1.37
1.39
1.36
1.33
1.35
1.37
1.34
1.3
1.33
1.36
1.36
1.29
1.29
1.34
1.38
1.3
1.17
1.04
0.64
0.24
0.24
0.28
0.28
1.01
1.74
1.71
1.67
1.46
1.64
1.81
2.17
2.17
1.34
1.34
0.8
0.26
0.3
0.34
0.3
0.26
0.28
0.3
0.32
0.33
0.23
