"Var1"
0.18
0.18
0.17
0.2
0.22
0.23
0.2
0.22
0.24
0.28
0.31
0.41
0.34
0.26
0.26
0.35
0.35
0.28
0.21
0.19
0.22
0.25
0.26
0.44
0.61
0.96
1.31
1.34
0.78
0.21
0.19
0.17
0.19
0.21
0.25
0.24
0.23
0.22
0.27
0.33
0.29
0.25
0.21
0.24
0.27
0.29
0.3
0.24
0.22
0.2
0.22
0.25
0.23
0.21
0.18
0.17
0.17
0.24
0.2
0.16
0.14
0.17
0.2
0.25
0.31
0.26
0.21
0.25
0.28
0.3
0.29
0.28
0.28
0.28
0.28
0.33
0.38
0.26
0.14
0.2
0.25
0.22
0.19
0.16
0.14
0.22
0.29
0.42
0.54
0.51
0.52
0.53
1.17
1.81
1.81
1.8
1.79
1.77
1.3
0.83
0.77
0.7
0.97
1.24
1.37
1.5
1.4
1.31
1.03
0.76
0.62
0.49
0.42
0.43
0.44
0.43
0.43
0.41
0.39
0.37
0.4
0.42
0.51
0.47
0.42
0.4
0.39
0.86
1.32
0.86
0.4
0.54
0.69
1.02
0.98
0.94
0.49
0.64
0.8
1.04
1.29
0.94
0.58
0.32
