"Var1"
1.72
1.47
1.37
1.26
1.14
0.98
0.62
0.27
0.18
0.16
0.19
0.2
0.18
0.19
0.19
0.18
0.19
0.2
0.18
0.17
0.2
0.18
0.16
0.16
0.2
0.21
0.18
0.17
0.18
0.19
0.19
0.2
0.19
0.16
0.14
0.16
0.19
0.16
0.18
0.21
0.2
0.18
0.18
0.19
0.18
0.19
0.19
0.19
0.2
0.61
1.04
1.32
1.32
1.36
1.49
1.8
2.12
1.76
1.39
1.4
1.39
1.37
1.35
2.18
3.01
3.03
3.05
1.33
1.99
2.64
2.52
2.41
1.84
1.27
1.23
1.2
1.18
1.18
1.21
1.21
1.17
1.17
1.21
1.21
1.17
1.16
1.2
1.2
1.18
1.18
1.19
1.18
1.18
1.19
1.18
1.17
1.2
1.2
1.17
1.16
1.2
1.18
1.15
1.13
0.97
0.81
0.47
0.13
0.16
0.17
0.17
0.18
0.16
0.14
0.15
0.17
0.17
0.13
0.14
0.15
0.16
0.14
0.16
0.19
0.17
0.16
0.16
0.16
0.16
0.18
0.18
0.14
0.15
0.19
0.19
0.14
0.14
0.19
0.19
0.12
0.99
1.87
1.78
1.69
