"Var1"
0.33
0.3
0.3
0.3
0.29
0.25
0.23
0.26
0.26
0.26
0.23
0.25
0.3
0.32
0.31
0.3
0.32
0.32
0.3
0.25
0.23
0.27
0.26
0.26
0.23
0.25
0.29
0.3
0.27
0.27
0.33
0.32
0.3
0.25
0.25
0.27
0.28
0.26
0.25
0.24
0.48
0.73
1.03
1.33
1.39
1.47
1.47
0.25
0.25
0.28
0.27
0.24
0.25
0.28
0.28
0.25
0.23
0.26
0.29
0.3
0.3
0.31
0.32
0.31
0.27
0.24
0.24
0.29
0.29
0.26
0.22
0.22
0.26
0.3
0.29
0.28
0.3
0.29
0.27
0.23
0.23
0.26
0.25
0.24
0.22
0.24
0.29
0.28
0.25
0.24
0.3
0.36
0.35
0.28
0.24
0.27
0.29
0.27
0.24
0.23
0.25
0.26
0.26
0.26
0.28
0.3
0.33
0.36
0.87
1.38
1.33
1.31
1.3
0.81
0.32
0.25
0.24
0.26
0.28
0.28
0.28
0.31
0.34
0.32
0.26
0.23
0.25
0.29
0.28
0.25
0.23
0.26
0.28
0.28
0.25
0.28
0.37
0.32
0.28
0.24
0.26
0.3
0.29
0.23
