"Var1"
0.31
0.34
0.38
0.3
0.22
0.27
0.29
0.3
0.27
0.25
0.28
0.32
0.3
0.29
0.31
0.39
0.47
0.86
1.25
0.93
0.61
0.43
0.25
0.3
0.33
0.33
0.31
0.29
0.26
0.28
0.29
0.3
0.29
0.28
0.33
0.39
0.38
1.56
2.75
1.56
0.37
0.49
0.61
0.61
2.36
2.36
1.95
1.54
1.57
2.09
2.61
1.5
0.39
0.44
0.48
0.49
0.49
0.67
0.85
1.08
1.31
1.28
1.25
1.3
0.8
0.3
0.27
0.23
0.3
0.33
0.37
0.31
0.25
0.28
0.28
0.28
0.27
0.27
0.28
0.31
0.3
0.29
0.29
0.28
0.26
0.25
0.26
0.28
0.28
0.31
0.3
0.3
0.33
0.34
0.3
0.28
0.25
0.27
0.29
0.3
0.28
0.26
0.29
0.33
0.37
0.32
0.28
0.28
0.27
0.27
0.2
0.76
1.32
1.34
1.37
1.48
1.6
1.12
0.65
0.54
0.44
2.55
2.69
2.84
3.19
3.53
2.3
1.65
1
1.28
1.56
1.92
2.76
3.59
4.04
2.91
1.78
1.12
0.68
0.23
0.25
0.27
0.31
0.34
