"Var1"
1.38
1.33
1.28
1.28
1.29
1.28
1.26
1.24
1.24
1.25
1.26
1.27
1.29
1.3
1.31
1.31
1.08
0.84
0.51
0.19
0.22
0.21
0.2
0.2
0.21
0.24
0.27
0.27
0.28
0.25
0.23
0.21
0.19
0.18
0.17
0.18
0.18
0.24
0.3
0.59
0.87
1.35
1.82
1.44
1.06
0.9
0.9
1.74
1.74
1.67
1.37
1.06
0.51
0.35
0.18
0.21
0.24
0.25
0.26
0.24
0.21
0.2
0.2
0.19
0.18
0.21
0.24
0.59
0.95
0.64
0.33
0.28
0.25
0.23
0.26
0.28
0.23
0.23
0.22
0.21
0.2
0.24
0.28
0.21
0.15
0.23
0.22
0.22
0.22
0.23
0.18
0.13
0.17
0.2
0.16
0.12
0.17
0.22
0.21
0.21
0.26
0.31
0.42
0.53
0.95
1.37
1.86
2.35
1.31
0.26
0.23
0.27
0.3
0.43
0.56
0.49
0.42
0.47
0.51
0.45
0.38
0.82
1.26
2.23
3.21
3.21
3.59
3.59
3.51
3.43
3.43
4.17
4.9
4.03
3.17
3
2.77
2.54
1.95
1.35
1.29
0.72
0.16
0.24
