"Var1"
0.26
0.26
0.28
0.27
0.25
0.23
0.28
0.32
0.31
0.27
0.24
0.27
0.27
0.26
0.24
0.25
0.25
0.26
0.24
0.24
0.26
0.26
0.25
0.25
0.29
0.31
0.29
0.25
0.23
0.25
0.26
0.27
0.27
0.28
0.27
0.27
0.24
0.23
0.25
0.31
0.85
1.38
1.34
1.33
1.34
1.02
0.69
0.5
0.31
0.3
0.26
0.24
0.26
0.27
0.24
0.21
0.24
0.3
0.29
0.25
0.23
0.27
0.26
0.23
0.21
0.22
0.27
0.31
0.24
0.23
0.27
0.27
0.24
0.21
0.23
0.24
0.25
0.22
0.24
0.28
0.28
0.24
0.24
0.28
0.25
0.23
0.21
0.23
0.26
0.28
0.23
0.25
0.31
0.31
0.26
0.22
0.24
0.27
0.26
0.22
0.25
0.29
0.31
0.25
0.23
0.24
0.26
0.27
0.8
1.32
1.35
1.36
1.16
0.96
0.61
0.27
0.26
0.27
0.27
0.28
0.26
0.25
0.23
0.24
0.25
0.27
0.27
0.26
0.27
0.26
0.25
0.23
0.23
0.25
0.28
0.28
0.26
0.26
0.27
0.27
0.23
0.23
0.26
0.3
