"Var1"
0.32
0.2
0.13
0.15
0.21
0.25
0.21
0.14
0.11
0.13
0.19
0.24
0.17
0.14
0.15
0.19
0.25
0.26
0.25
0.24
0.22
0.23
0.26
0.29
0.26
0.22
0.19
0.23
0.29
0.29
0.24
0.17
0.13
0.34
0.55
0.89
1.22
1.32
1.4
2.32
3.23
2.92
2.15
1.33
1.34
1.35
1.37
1.35
1.34
1.31
1.29
1.27
0.98
0.58
0.27
0.23
0.21
0.24
0.3
0.3
0.25
0.19
0.17
0.2
0.24
0.22
0.16
0.14
0.17
0.21
0.22
0.19
0.18
0.17
0.17
0.18
0.21
0.26
0.28
0.25
0.22
0.23
0.29
0.31
0.28
0.22
0.2
0.25
0.31
0.32
0.25
0.2
0.2
0.23
0.25
0.23
0.17
0.14
0.16
0.21
0.23
0.21
0.18
0.17
0.19
0.2
0.45
0.69
0.69
0.71
0.71
0.51
0.3
0.34
0.31
0.25
0.2
0.23
0.3
0.45
0.61
0.45
0.28
0.31
0.41
0.57
1
1.42
1.42
0.98
0.98
0.92
0.86
1.73
2.61
2.61
1.92
1.92
1.33
0.79
0.26
0.31
0.33
0.31
