"Var1"
0.21
0.2
0.17
0.15
0.19
0.71
1.23
1.79
2.35
1.94
1.54
1.52
1.51
1.33
1.2
0.81
0.42
0.29
0.16
0.2
0.2
0.15
0.16
0.22
0.21
0.15
0.14
0.2
0.21
0.17
0.15
0.18
0.19
0.18
0.17
0.17
0.17
0.17
0.2
0.17
0.16
0.17
0.2
0.17
0.14
0.17
0.19
0.19
0.17
0.19
0.19
0.17
0.15
0.17
0.19
0.17
0.15
1.09
2.03
2.03
0.76
0.76
1.07
1.38
1.57
1.61
1.64
1.66
1.68
1.64
1.57
1.52
1.49
1.42
1.32
1.22
1.2
1.15
1.13
1.17
1.2
1.18
1.16
1.16
1.17
1.16
1.17
1.17
1.15
1.16
1.19
1.2
1.16
1.15
1.19
1.26
0.68
0.1
0.18
0.2
0.17
0.16
0.17
0.18
0.18
0.18
0.18
0.16
0.17
0.2
0.19
0.14
0.16
0.21
0.21
0.15
0.14
0.2
0.2
0.16
0.15
0.18
0.18
0.17
0.17
0.17
0.16
0.17
0.2
0.17
0.15
0.18
0.18
1.1
1.1
1.21
1.67
2.13
2.17
2.2
1.91
1.95
1.99
1.81
