"Var1"
0.16
0.19
0.18
0.16
0.17
0.19
0.18
0.15
0.18
0.19
0.15
0.53
0.91
1.17
0.85
0.53
0.32
0.11
0.19
0.19
0.15
0.16
0.19
0.18
0.17
0.17
0.18
0.18
0.19
0.17
0.16
0.19
0.18
0.15
0.15
0.18
0.19
0.17
0.17
0.17
0.18
0.24
0.47
0.7
1.08
1.46
2.03
2.6
2.22
1.8
1.47
1.15
1.17
1.17
1.18
1.2
1.18
1.16
1.2
1.19
1.17
1.16
1.19
1.19
1.19
1.19
1.17
1.14
0.87
0.6
0.38
0.16
0.19
0.18
0.16
0.18
0.19
0.19
0.19
0.18
0.18
0.2
0.21
0.16
0.16
0.21
0.21
0.18
0.18
0.19
0.19
0.2
0.19
0.17
0.18
0.18
0.18
0.16
0.19
0.21
0.19
0.18
0.18
0.19
0.19
0.22
0.27
0.35
0.44
0.48
0.34
0.21
0.34
0.72
1.09
1.26
1.43
1.44
1.37
1.3
0.95
0.62
0.29
0.26
0.26
0.26
0.96
0.96
0.96
0.45
0.45
0.39
0.32
0.28
0.25
0.25
1.4
2.55
1.93
1.32
1.25
1.23
1.19
1.09
