"Var1"
1.31
0.87
0.62
0.38
0.33
0.3
0.28
0.28
0.28
0.27
0.25
0.26
0.27
0.29
0.31
0.31
0.31
0.3
0.28
0.26
0.25
0.26
0.27
0.28
0.27
0.26
0.3
0.34
0.33
0.29
0.25
0.26
0.27
0.27
0.26
0.25
0.27
0.32
1.2
2.07
1.75
1.43
1.49
1.56
1.66
1.71
1.76
1.76
1.71
1.62
1.99
2.37
2.37
1.28
1.28
1.86
2.43
1.87
1.3
1.27
1.28
2.55
3.83
2.63
1.44
1.39
1.37
1.38
1.37
1.36
1.35
1.37
1.44
1.59
2.31
3.04
3.04
3.34
3.34
2.89
2.44
2.38
2.34
2.2
2.05
1.24
0.42
0.48
0.52
0.51
0.46
0.46
0.48
0.5
0.39
0.29
0.34
0.39
0.36
0.28
0.68
1.07
1.29
1.39
1.38
1.31
1.21
0.78
0.35
0.91
1.47
1.62
1.77
1.74
1.56
1.37
1
0.63
0.64
0.65
1.01
1.37
1.38
1.69
2.01
2.08
2.12
2
1.81
1.81
1.82
1.82
1.25
0.69
1.12
1.55
1.95
2.35
1.75
0.96
0.25
0.25
0.31
0.4
