"Var1"
0.29
0.3
0.3
0.31
0.3
0.27
0.25
0.26
0.26
0.28
0.27
0.27
0.28
0.3
0.31
0.31
0.3
0.84
1.37
1.11
0.85
0.59
0.32
0.29
0.28
0.29
0.29
0.32
0.34
0.36
0.33
0.31
0.29
0.26
0.26
0.26
0.26
0.26
0.29
0.66
1.04
0.84
0.64
0.73
1.11
1.49
1.62
1.75
1.52
1.29
1.32
1.34
1.33
1.32
1.33
0.8
0.27
0.3
0.32
0.33
0.32
0.29
0.26
0.25
0.27
0.3
0.29
0.25
0.25
0.27
0.31
0.32
0.31
0.31
0.32
0.32
0.28
0.25
0.26
0.3
0.31
0.27
0.24
0.26
0.31
0.35
0.34
0.32
0.31
0.33
0.3
0.26
0.25
0.28
0.32
0.3
0.26
0.24
0.29
0.35
0.65
0.96
1.17
1.38
1.38
0.8
0.22
0.27
0.33
0.4
0.48
0.56
0.59
1.34
2.1
2.73
2
1.28
1.22
1.15
0.97
0.79
2.22
3.65
4.38
5.11
4.46
3.75
3.01
3.01
1.61
1.61
1.72
1.84
1.53
1.22
0.94
0.65
0.45
0.34
0.23
0.24
0.32
0.41
