"Var1"
2.05
2.23
2.42
2.01
1.73
1.44
1.34
1.23
1.16
1.14
1.16
1.17
1.16
1.17
1.16
1.15
1.17
1.2
1.19
0.77
0.38
0.25
0.2
0.15
0.15
0.2
0.19
0.16
0.16
0.18
0.17
0.17
0.18
0.16
0.16
0.18
0.19
0.15
0.15
0.19
0.18
0.15
0.14
0.18
0.19
0.16
0.15
0.17
0.19
0.21
0.32
0.53
0.82
1.24
1.66
1.71
1.76
1.68
2.04
2.4
2
1.6
2.54
3.47
3.63
3.78
2.52
1.27
1.32
1.32
1.28
1.3
1.32
1.3
1.26
1.24
1.25
1.24
1.24
1.25
1.27
1.25
1.24
1.26
1.27
1.23
1.24
1.26
1.27
1.22
1.19
0.72
0.25
0.2
0.19
0.2
0.22
0.2
0.21
0.21
0.2
0.2
0.24
0.23
0.21
0.2
0.24
0.24
0.22
0.21
0.22
0.21
0.21
0.22
0.21
0.2
0.22
0.22
0.2
0.2
0.23
0.22
0.18
0.16
0.19
0.22
0.18
0.18
0.2
0.21
0.19
0.21
0.23
0.21
0.19
0.21
0.23
0.21
0.22
0.2
0.2
0.21
0.77
1.32
