"Var1"
1.36
1.11
0.85
0.74
0.63
0.53
0.48
0.39
0.28
0.17
0.15
0.19
0.38
0.57
0.89
1.21
1.16
1.07
0.94
0.52
0.1
0.14
0.19
0.19
0.15
0.15
0.17
0.17
0.16
0.17
0.16
0.15
0.17
0.19
0.16
0.13
0.16
0.15
0.14
0.13
0.17
0.19
0.17
0.16
0.16
0.16
0.16
0.19
0.42
0.65
1.03
1.41
1.41
1.78
2.16
2.62
2.22
1.82
1.79
1.76
1.71
1.65
2.29
2.92
2.09
1.26
1.23
1.19
1.18
1.21
1.22
1.17
1.16
1.21
1.21
1.17
1.16
1.21
1.21
1.18
1.15
0.89
0.48
0.16
0.17
0.17
0.16
0.17
0.18
0.16
0.16
0.18
0.19
0.14
0.15
0.2
0.19
0.14
0.14
0.2
0.2
0.15
0.15
0.19
0.19
0.16
0.16
0.18
0.18
0.17
0.18
0.16
0.16
0.18
0.19
0.15
0.15
0.19
0.19
0.15
0.14
0.19
0.19
0.15
0.14
0.18
0.19
0.16
0.18
0.26
1.59
2.91
2.92
2.92
2.6
2.6
2.89
3.17
3.95
4.73
5.76
5.76
3.09
3.09
