"Var1"
0.49
0.44
0.38
0.4
0.41
0.38
0.35
0.35
0.35
0.35
0.4
0.43
0.42
0.39
0.39
0.36
0.33
0.34
0.35
0.36
0.38
0.38
0.38
0.38
0.41
0.41
0.38
0.36
0.36
0.36
0.38
0.4
0.41
0.43
0.41
0.38
0.36
0.34
0.33
0.32
1.79
3.26
2.38
1.5
1.49
1.55
1.61
1.53
1.45
1.36
1.28
1.33
1.44
1.55
1.66
1.65
1.65
1.62
1.58
1.4
1.21
1.23
1.25
1.25
1.24
1.24
1.25
1.25
1.24
1.23
1.23
1.23
1.1
0.98
0.62
0.26
0.24
0.22
0.2
0.19
0.17
0.14
0.19
0.23
0.22
0.22
0.22
0.21
0.2
0.19
0.18
0.18
0.17
0.19
0.21
0.23
0.26
0.25
0.25
0.4
0.55
0.51
0.47
0.37
0.27
0.26
0.26
0.25
0.26
0.27
0.26
0.25
0.43
0.83
1.22
1.79
2.37
2.12
1.88
1.86
1.94
2.01
2.2
2.39
2.91
3.42
2.83
2.23
1.95
1.66
1.63
2.71
3.78
2.18
0.58
0.57
0.56
0.73
0.91
0.96
1
1.07
0.98
0.89
