"Var1"
0.44
0.4
0.36
0.35
0.35
0.38
0.36
0.35
0.35
0.38
0.38
0.38
0.42
0.45
0.43
0.37
0.66
1.13
1.35
1.09
0.75
0.41
0.37
0.33
0.33
0.4
0.4
0.39
0.4
0.43
0.4
0.35
0.31
0.33
0.33
0.33
0.3
0.3
0.33
0.36
1.1
1.83
1.93
2.04
2.04
1.93
1.93
1.53
1.36
1.19
2.25
3.31
3.08
2.85
2.04
1.24
1.26
1.29
1.31
1.34
1.79
2.25
1.73
1.21
1.12
0.97
0.82
0.47
0.11
0.16
0.22
0.62
0.82
0.63
0.35
0.3
0.22
0.17
0.27
0.21
0.15
0.16
0.22
0.31
0.48
0.65
1.01
1.36
0.92
0.52
0.23
0.21
0.19
0.16
0.16
0.17
0.17
0.17
0.18
0.18
0.16
0.19
0.25
0.28
0.26
0.23
0.21
0.2
0.18
0.14
0.25
0.37
0.58
0.7
0.74
0.56
0.38
0.32
0.3
0.32
0.31
0.31
0.85
1.4
1.82
2.24
2.29
2.34
2.38
2.38
1.23
1.23
1.18
1.14
0.77
0.4
0.33
0.29
0.28
0.24
0.22
0.23
0.25
0.25
