"Var1"
0.38
0.36
0.33
0.31
0.3
0.28
0.27
0.27
0.29
0.28
0.27
0.26
0.29
0.29
0.27
0.28
0.33
0.38
0.36
0.32
0.32
0.34
0.31
0.25
0.24
0.28
0.3
0.28
0.23
0.26
0.31
0.31
0.25
0.25
0.33
0.33
0.33
0.3
0.32
0.35
0.32
0.26
0.23
0.28
0.31
0.28
0.24
0.26
0.29
0.3
0.26
0.31
0.36
0.38
0.35
0.33
0.34
0.83
1.32
1.32
1.32
1.36
0.81
0.26
0.27
0.29
0.28
0.26
0.27
0.32
0.34
0.34
0.33
0.36
0.36
0.31
0.26
0.28
0.31
0.29
0.24
0.25
0.3
0.31
0.26
0.23
0.28
0.33
0.36
0.31
0.32
0.38
0.36
0.29
0.24
0.25
0.27
0.28
0.23
0.25
0.31
0.31
0.26
0.24
0.29
0.34
0.34
0.32
0.33
0.37
0.35
0.29
0.27
0.28
0.3
0.28
0.26
0.27
0.29
0.28
0.27
0.28
0.29
0.32
0.33
0.35
0.36
0.35
0.32
0.3
0.84
1.38
1.31
1.31
1.37
1.11
0.85
0.57
0.28
0.31
0.31
0.3
0.34
0.42
