"Var1"
1.3
1.42
1.44
1.37
1
0.63
0.44
0.3
0.26
0.26
0.29
0.3
0.3
0.28
0.28
0.33
0.37
0.37
0.28
0.27
0.31
0.31
0.27
0.25
0.28
0.31
0.3
0.28
0.27
0.33
0.38
0.37
0.31
0.26
0.27
0.29
0.29
0.24
0.26
0.36
1.22
2.08
2.14
2.2
2.31
2.48
2.68
2.87
2.21
1.54
1.45
1.38
1.62
1.86
1.9
1.89
1.83
1.83
1.86
1.81
1.7
1.59
1.58
1.59
1.61
1.54
1.54
1.58
1.61
1.58
1.55
1.56
1.94
2.32
1.43
0.55
0.47
0.42
0.64
0.86
1.13
1.41
1.48
1.45
1.39
1.32
0.94
0.56
0.42
0.33
0.32
0.34
0.33
0.28
0.25
0.29
0.33
0.31
0.27
0.27
0.31
0.34
0.34
0.35
0.34
0.33
0.3
0.29
0.29
0.33
0.35
0.37
0.46
0.55
0.62
0.64
0.85
1.06
1.13
1.2
0.87
1.3
1.73
2.05
2.38
4.41
3.35
2.29
2.29
1.1
1.1
1.22
1.34
1.18
1.02
1.11
1.2
0.98
0.76
0.52
0.3
0.28
0.29
0.32
