"Var1"
0.42
0.32
0.23
0.47
0.7
1.01
1.31
1.3
1.3
0.98
0.55
0.24
0.27
0.29
0.32
0.32
0.31
0.3
0.27
0.25
0.24
0.27
0.29
0.27
0.24
0.25
0.28
0.29
0.27
0.27
0.31
0.3
0.29
0.24
0.22
0.23
0.24
0.24
0.23
0.24
0.28
0.25
0.23
0.23
0.29
0.36
0.35
0.27
0.23
0.26
0.29
0.27
0.23
0.24
0.26
0.28
0.25
0.24
0.27
0.3
0.33
0.3
0.29
0.27
0.26
0.25
0.25
0.28
0.32
0.81
1.3
1.35
1.38
1.07
0.77
0.57
0.38
0.33
0.27
0.23
0.26
0.3
0.3
0.25
0.23
0.23
0.25
0.27
0.24
0.27
0.35
0.3
0.26
0.23
0.24
0.29
0.29
0.25
0.22
0.26
0.29
0.28
0.24
0.25
0.31
0.35
0.33
0.28
0.27
0.27
0.27
0.25
0.26
0.27
0.27
0.26
0.25
0.27
0.27
0.28
0.3
0.32
0.32
0.28
0.24
0.23
0.27
0.29
0.26
0.23
0.25
0.29
0.31
0.47
0.62
1.07
1.51
1.4
1.3
0.88
0.57
0.33
0.27
0.21
