"Var1"
0.2
0.21
0.22
0.22
0.21
0.2
0.2
0.21
0.22
0.21
0.18
0.23
0.28
0.26
0.22
0.18
0.21
0.21
0.2
0.19
0.19
0.2
0.21
0.2
0.21
0.22
0.18
0.14
0.17
0.21
0.24
0.23
0.22
0.19
0.19
0.2
0.22
0.18
0.16
0.68
1.19
0.79
0.38
0.29
0.19
0.19
0.2
0.21
0.23
0.34
0.46
0.36
0.27
0.16
0.94
1.72
1.12
0.53
0.39
0.26
0.17
1.06
1.95
1.96
1.96
1.9
1.84
1.95
2.06
0.68
1.08
1.48
2.16
2.84
2.87
2.9
1.56
0.22
0.29
0.37
0.32
0.27
0.38
0.49
0.63
0.77
0.8
0.82
0.78
0.73
0.6
0.47
0.38
0.28
0.22
0.62
1.02
1.11
1.21
1.19
1.17
0.75
0.33
0.29
0.28
0.28
0.27
0.23
0.31
0.37
0.41
0.43
0.44
0.47
0.67
0.87
0.69
0.51
0.52
1.03
1.53
1.39
1.25
1.49
1.72
2.36
3
1.74
0.48
0.75
1.02
1.17
1.26
1.36
1.03
0.7
0.59
0.35
0.12
0.21
0.17
0.14
0.17
0.21
