"Var1"
0.43
0.33
0.3
0.34
0.36
0.34
0.29
0.29
0.34
0.39
0.39
0.35
0.33
0.35
0.34
0.32
0.28
0.29
0.35
0.35
0.34
0.33
0.36
0.39
0.37
0.32
0.28
0.3
0.35
0.35
0.32
0.29
0.34
0.42
0.4
0.33
0.28
0.3
0.35
0.38
0.96
1.55
1.09
0.63
1.18
1.51
1.84
1.64
1.44
1.39
1.33
1.3
1.32
1.37
1.38
1.36
1.34
1.35
1.37
1.35
1.32
1.3
1.33
1.37
1.36
1.32
1.28
1.06
0.71
0.4
0.33
0.29
0.33
0.36
0.35
0.31
0.3
0.35
0.41
0.42
0.37
0.34
0.34
0.36
0.34
0.31
0.31
0.34
0.36
0.36
0.37
0.38
0.38
0.37
0.34
0.31
0.32
0.34
0.35
0.33
0.32
0.36
0.4
0.41
0.36
0.32
0.33
0.34
0.35
0.34
0.36
0.98
1.61
1.51
1.42
1.33
0.83
0.33
0.31
0.29
0.32
0.35
0.42
0.48
0.54
0.58
0.57
0.55
0.52
0.51
0.5
0.66
0.82
0.71
0.6
0.86
1.12
0.83
0.55
0.87
1.15
1.34
1.37
1.29
