"Var1"
0.37
0.32
0.29
0.3
0.31
0.29
0.26
0.23
0.23
0.23
0.22
0.23
0.23
0.22
0.22
0.23
0.23
0.24
0.28
0.31
0.3
0.28
0.23
0.21
0.19
0.2
0.22
0.23
0.22
0.2
0.18
0.17
0.16
0.2
0.22
0.25
0.27
0.28
0.29
0.29
0.29
0.31
0.97
1.63
1.93
2.22
1.82
1.42
1.57
1.55
1.54
1.46
1.37
1.3
1.29
1.34
1.34
1.32
1.31
1.32
1.28
1.19
0.88
0.57
0.39
0.21
0.21
0.21
0.19
0.21
0.22
0.21
0.18
0.23
0.28
0.27
0.28
0.28
0.25
0.21
0.21
0.2
0.19
0.19
0.19
0.2
0.19
0.19
0.19
0.2
0.23
0.27
0.29
0.27
0.27
0.3
0.31
0.29
0.27
0.24
0.22
0.2
0.2
0.21
0.21
0.2
0.21
0.22
0.25
0.31
0.39
0.46
0.54
0.55
0.55
0.54
0.95
1.37
1.71
1.75
1.79
1.18
0.58
0.54
0.5
0.49
0.44
0.36
0.43
0.49
0.55
0.66
0.74
0.82
0.85
0.88
0.88
0.87
0.85
0.83
0.79
0.57
0.36
0.32
