"Var1"
0.24
0.29
0.31
0.22
0.22
0.3
0.38
0.34
0.31
0.29
0.28
0.32
0.37
0.3
0.22
0.22
0.28
0.28
0.57
0.85
1.32
0.93
0.55
0.38
0.21
0.3
0.32
0.34
0.31
0.28
0.33
0.38
0.3
0.28
0.27
0.29
0.3
0.33
0.35
1.53
2.71
2.46
2.2
2.2
2.9
2.9
2.3
1.69
2.12
2.55
2
1.45
1.37
1.39
1.41
1.4
1.21
1.01
0.65
0.29
0.3
0.31
0.32
0.3
0.29
0.36
0.41
0.46
0.47
0.48
0.44
0.41
0.31
0.22
0.35
0.48
0.4
0.33
0.59
0.92
1.25
1.71
2.17
2.12
2.07
1.98
1.89
1.69
1.48
1.05
0.62
0.48
0.35
0.41
0.39
0.38
0.32
0.33
0.33
0.3
0.27
0.27
0.28
0.28
0.31
0.28
0.28
0.54
0.8
0.8
1.23
1.23
0.88
0.52
0.6
1.09
1.58
2.14
1.43
0.72
0.63
0.53
0.49
0.44
0.47
0.49
1.2
1.91
1.91
3.33
3.33
2.83
2.83
0.58
0.58
0.53
0.46
0.39
0.41
0.43
0.36
0.3
0.3
0.3
