"Var1"
3.66
3.23
2.87
2.5
1.85
1.74
1.63
1.47
1.19
0.91
0.53
0.34
0.14
0.16
0.17
0.17
0.18
0.2
0.2
0.2
0.2
0.21
0.22
0.24
0.2
0.17
0.19
0.2
0.16
0.12
0.13
0.16
0.19
0.18
0.17
0.2
0.19
0.18
0.17
0.16
0.18
0.19
0.16
0.12
0.35
0.57
0.85
1.14
1.14
1.2
1.2
1.2
2.05
2.9
1.6
0.3
1.3
2.29
1.38
0.46
0.88
1.31
1.29
1.28
2.56
3.84
3.01
2.18
2.68
3.17
3.11
3.06
2.77
2.22
1.67
1.69
1.45
1.21
1.17
1.12
1.17
1.21
1.16
1.12
0.77
0.42
0.28
0.15
0.17
0.2
0.18
0.17
0.17
0.16
0.16
0.16
0.14
0.12
0.15
0.18
0.17
0.16
0.12
0.13
0.14
0.17
0.19
0.19
0.1
0.1
0.15
0.19
0.16
0.13
0.17
0.2
0.19
0.17
0.19
0.18
0.18
0.16
0.15
0.17
0.18
0.15
0.12
0.15
0.18
0.16
0.15
0.12
0.13
0.13
0.13
0.19
0.19
0.1
0.1
0.14
0.17
0.16
0.14
0.2
