"Var1"
0.88
0.64
0.39
0.39
0.39
0.36
0.32
0.3
0.83
1.35
1.3
0.77
0.25
0.31
0.37
0.31
0.27
0.26
0.24
0.29
0.28
0.26
0.27
0.3
0.36
0.31
0.26
0.2
0.24
0.28
0.3
0.32
0.29
0.27
0.26
0.28
0.29
0.24
0.19
0.26
0.33
0.32
0.31
0.29
0.26
0.58
0.89
0.61
0.33
0.41
0.97
1.52
1.47
1.42
1.31
1.04
0.77
0.6
0.43
1.35
2.27
1.39
0.51
0.51
1.74
1.65
0.4
0.4
0.46
0.53
0.55
0.56
0.48
0.42
0.41
0.4
0.4
0.4
0.67
0.94
0.88
0.77
0.67
0.67
1.37
1.37
1.1
0.83
0.61
0.39
0.38
0.37
0.36
0.39
0.43
0.43
0.6
0.6
0.67
0.73
0.63
0.54
0.6
0.56
0.53
0.55
0.57
0.29
0
0
0.84
1.68
1.62
1.55
1.41
1.37
1.34
1.29
1.25
1.28
1.3
1.33
1.36
1.39
1.41
1.43
1.43
1.36
1.3
1.32
1.34
1.43
1.41
1.4
1.28
1.05
0.81
1.05
1.29
1.29
1
0.71
0.64
0.57
