"Var1"
0.27
0.2
0.2
0.23
0.23
0.21
0.19
0.22
0.21
0.21
0.19
0.19
0.22
0.22
0.19
0.18
0.22
0.22
0.2
0.19
0.2
0.21
0.21
0.18
0.18
0.21
0.21
0.18
0.17
0.19
0.19
0.19
0.17
0.18
0.21
0.2
0.17
0.17
0.2
0.19
0.18
0.17
0.19
0.21
0.96
2.23
2.02
1.41
1.3
1.33
1.36
1.3
1.27
1.24
1.01
0.78
0.46
0.15
0.17
0.17
0.18
0.2
0.19
0.16
0.17
0.19
0.19
0.18
0.16
0.18
0.2
0.19
0.17
0.16
0.18
0.19
0.19
0.17
0.17
0.2
0.2
0.18
0.17
0.17
0.18
0.19
0.17
0.15
0.18
0.19
0.19
0.17
0.16
0.12
0.15
0.18
0.16
0.17
0.18
0.18
0.18
0.15
0.16
0.19
0.19
0.11
0.65
1.2
1.2
1
0.81
0.51
0.21
0.29
0.39
0.42
0.34
0.31
0.36
0.54
0.73
0.8
0.88
0.78
1.16
1.54
1.79
2.04
1.99
1.6
1.22
1.06
0.98
0.97
0.99
0.87
0.75
0.44
0.14
0.2
0.21
0.21
0.19
0.23
