"Var1"
3.3
3.98
2.75
1.52
1.82
2.11
1.19
0.28
0.28
0.34
0.34
0.28
0.23
0.24
0.25
0.26
0.25
0.23
0.2
0.17
0.17
0.33
0.33
0.43
0.53
0.87
1.21
1
0.79
0.58
0.36
0.29
0.23
0.21
0.19
0.19
0.19
0.12
1.28
2.45
1.41
0.37
0.4
0.55
0.7
1.05
1.39
1.29
1.25
1.2
1.2
1.19
1.19
1.16
1.14
1.14
1.16
1.25
1.25
1.25
0.28
0.28
0.24
0.19
0.19
0.19
0.19
0.15
0.15
0.16
0.15
0.14
0.17
0.19
0.22
0.25
0.25
0.25
0.23
0.21
0.17
0.14
0.18
0.21
0.19
0.19
0.19
0.23
0.27
0.19
0.26
0.33
0.36
0.38
0.33
0.27
0.27
0.22
0.18
0.23
0.29
0.26
0.2
0.25
0.3
0.28
0.26
0.18
0.25
0.31
0.5
0.68
1.06
1.45
1.4
0.84
0.28
0.27
0.27
0.54
0.81
1.13
1.45
1.4
1.41
1.43
1.43
2.79
2.79
2.06
2.2
2.34
3.65
2.51
1.36
1.36
1.29
1.29
1.27
1.27
1.25
1.23
1.12
1.01
