"Var1"
0.79
0.6
0.4
0.26
0.12
0.13
0.14
0.23
0.32
0.26
0.19
0.19
0.28
0.28
0.28
0.25
0.23
0.24
0.26
0.29
0.29
0.23
0.15
0.12
0.22
0.22
0.19
0.15
0.15
0.16
0.16
0.19
0.22
0.17
0.11
0.16
0.21
0.25
0.29
0.27
0.24
1.09
1.94
1.7
1.46
1.39
1.39
1.39
1.37
1.34
1.32
1.24
1.16
1.19
1.22
1.23
1.23
1.19
1.14
1.03
0.92
0.56
0.21
0.2
0.18
0.21
0.23
0.29
0.27
0.24
0.24
0.23
0.23
0.27
0.31
0.25
0.18
0.19
0.22
0.25
0.21
0.18
0.15
0.15
0.17
0.2
0.2
0.19
0.18
0.18
0.18
0.22
0.2
0.19
0.17
0.27
0.37
0.36
0.35
0.28
0.21
0.21
0.32
0.43
0.31
0.27
0.23
0.79
1.35
1.32
0.99
0.67
0.41
0.15
0.2
0.2
0.25
0.14
0.14
0.93
1.73
1.67
1.15
0.63
0.62
0.61
1.28
1.95
2.93
3.92
3.74
3.39
3.04
3.66
4.29
2.67
1.05
1.62
2.18
1.52
0.86
0.86
2.09
2.09
