"Var1"
0.3
0.28
0.28
0.3
0.28
0.25
0.23
0.29
0.35
0.29
0.31
0.34
0.32
0.3
0.3
0.29
0.29
0.27
0.28
0.28
0.29
0.28
0.32
0.33
0.32
0.31
0.29
0.27
0.23
0.22
0.25
0.28
0.24
0.26
0.29
0.29
0.26
0.29
0.35
0.4
1.82
3.25
2.27
1.3
1.66
1.94
2.15
1.88
1.6
1.32
1.03
0.79
0.55
0.64
0.66
0.63
0.61
0.48
0.34
0.34
0.36
0.4
0.5
0.61
0.63
0.62
0.56
0.61
0.66
0.63
0.63
0.66
0.66
0.64
0.57
0.46
0.35
0.31
0.29
0.3
0.3
0.29
0.35
0.48
0.62
0.76
0.8
0.75
0.71
0.68
0.61
0.48
0.36
0.32
0.31
0.38
0.66
0.94
1.5
1.51
1.52
1.46
1.41
1.37
1.32
1.48
1.65
1.79
1.87
1.9
2.03
2.15
2.3
2.44
2.44
3.04
3.04
2.13
1.23
1.2
1.17
1.18
1.19
1.55
1.91
2.74
3.57
3.97
4.38
3.69
2.99
2.28
1.62
0.96
0.83
0.7
0.68
1.03
1.37
1.41
1.44
1.46
0.89
0.32
