"Var1"
0.25
0.27
0.27
0.29
0.34
0.33
0.26
0.24
0.28
0.29
0.24
0.23
0.29
0.29
1.37
1.37
1.37
0.28
0.28
0.27
0.26
0.25
0.25
0.29
0.28
0.26
0.3
0.34
0.31
0.24
0.24
0.28
0.28
0.25
0.25
0.26
0.27
0.29
0.34
0.37
1.23
2.1
2.37
2.63
2.29
1.95
2.07
2.51
2.95
2.92
2.88
2.95
2.95
3.52
3.52
3.14
3.2
3.26
3.09
2.92
2.92
4.78
4.78
4.18
3.57
3.25
2.62
1.99
1.98
2.34
2.7
2.29
1.88
1.81
1.82
1.82
1.58
1.42
1.4
1.5
1.45
1.39
1.37
1.41
1.42
1.39
1.39
1.42
1.43
1.43
4.56
4.56
4.09
3.61
3.26
2.64
2.02
2.1
2.11
1.8
1.49
1.45
1.45
4.07
4.07
3.37
2.66
2.04
1.43
1.68
1.82
1.73
1.76
1.8
2.17
2.5
2.82
2.82
2.79
2.79
2.72
2.78
3.11
3.22
3.33
3.03
2.74
2.74
3.94
3.94
4.21
4.49
3.99
3.5
2.75
2.17
1.59
1.6
1.75
1.91
1.89
1.87
1.61
1.35
