"Var1"
3.58
3.4
3.22
3.15
3.15
2.86
2.86
2.86
0.38
0.38
0.37
0.39
0.41
0.77
1.13
1.13
0.26
0.26
0.26
0.32
0.31
0.33
0.36
0.34
0.33
0.29
0.26
0.31
0.35
0.3
0.26
0.32
0.32
0.32
0.29
0.26
0.28
0.31
0.31
0.34
0.34
0.31
0.28
0.29
0.3
0.3
0.3
0.26
0.53
0.8
1.07
1.34
1.34
0.72
0.72
0.55
0.37
0.42
0.49
0.56
1.05
1.55
2.01
1.92
1.82
1.82
1.75
1.75
1.86
1.97
2.42
2.87
2.76
2.66
2.58
2.5
1.95
1.41
1.16
0.92
0.73
0.54
0.59
0.65
1.08
1.5
1.12
0.73
0.48
0.39
0.31
0.3
0.35
0.39
0.39
0.55
0.71
1.05
1.05
3.15
3.15
2.76
2.36
2.18
1.99
1.99
1.98
1.75
1.52
1.57
1.61
3
4.38
4.46
4.53
4.21
3.88
3.31
2.74
3.12
3.5
4.11
4.72
4.2
3.68
3.67
3.16
2.66
2.54
2.42
2.88
3.35
2.4
1.46
1.54
1.63
1.59
1.13
0.67
0.49
0.31
0.27
0.3
0.32
