"Var1"
0.27
0.25
0.27
0.34
0.36
0.34
0.32
0.3
0.29
0.27
0.28
0.27
0.27
0.26
0.29
0.3
0.27
0.25
0.28
0.34
0.35
0.32
0.3
0.32
0.33
0.26
0.26
0.33
0.45
0.57
0.57
0.58
0.57
0.78
1
1.16
1.33
1.22
0.88
0.55
1.66
2.77
1.24
1.62
2
2.1
2.19
2.49
2.12
1.75
1.62
1.49
1.6
1.71
1.71
1.72
1.55
1.39
1.43
1.42
1.37
1.31
1.31
1.37
1.37
1.32
1.3
1.33
1.35
1.35
1.3
1.31
1.35
1.37
1.36
1.38
1.43
1.25
1.07
0.67
0.27
0.28
0.26
0.26
0.29
0.31
0.28
0.25
0.25
0.29
0.32
0.37
0.57
0.77
0.71
0.66
0.64
0.65
0.65
0.64
0.65
0.69
1.33
1.97
1.87
1.76
1.64
1.61
1.61
1.61
1.6
1.73
1.86
1.91
1.93
1.93
2.76
3.6
3.58
3.57
3.27
2.97
2.91
3.17
3.42
3.57
3.57
2.17
2.17
1.99
1.81
1.63
1.45
1.45
2.73
4.01
2.76
1.51
1.45
1.1
0.76
0.57
0.39
0.46
