"Var1"
1.37
1.34
1.32
1.36
1.4
1.37
1.37
1.37
1.36
1.35
1.33
1.31
0.82
0.34
0.33
0.32
0.31
0.31
0.29
0.27
0.25
0.23
0.23
0.24
0.24
0.28
0.28
0.33
0.33
0.33
0.29
0.25
0.25
0.27
0.22
0.22
0.23
0.25
0.25
0.3
0.3
0.28
0.76
1.25
1.65
2.06
2.33
2.6
2.94
2.88
2.82
2.3
2.6
2.9
2.11
1.32
1.32
1.35
1.39
1.42
1.45
1.99
2.53
1.93
1.33
1.34
1.35
1.35
1.36
1.37
1.38
1.42
1.45
1.44
1.42
1.03
0.64
0.58
0.53
0.53
0.54
0.54
0.55
0.56
0.79
1.02
1.45
1.88
1.81
1.75
1.63
1.52
1.62
1.65
1.68
1.64
1.61
1.66
1.72
1.54
1.36
1.36
1.36
1.66
1.95
1.94
1.93
1.99
2.34
2.68
2.56
2.45
1.93
1.4
1.37
2.3
3.23
3.23
3.66
3.66
3.36
3.06
2.91
2.76
2.39
2.01
1.72
1.61
1.49
1.45
1.41
1.52
1.69
1.86
1.92
1.97
1.9
2.1
2.31
2.65
3
3
1.77
1.77
