"Var1"
0.4
0.4
0.3
0.3
0.3
0.29
0.28
0.28
0.21
0.21
0.23
0.25
0.3
0.3
0.17
0.17
0.22
0.3
0.39
0.32
0.24
0.25
0.31
0.37
0.26
0.23
0.2
0.24
0.27
0.23
0.23
0.24
0.24
0.27
0.27
0.26
0.24
0.24
0.29
0.34
0.31
0.28
0.3
0.32
0.32
1.72
1.72
1.59
1.45
1.38
1.31
1.31
1.31
1.38
1.44
1.9
2.35
2.15
1.95
1.73
1.73
3.54
3.54
3.25
3
2.74
3.03
2.81
2.58
2.11
1.65
1.63
1.6
1.53
3
4.47
3.76
3.04
3.02
3.01
2.3
1.58
2.56
3.53
3.32
3.32
1.94
1.94
3.26
4.59
3.35
2.11
1.78
1.41
1.05
0.7
0.36
0.42
0.39
0.36
0.39
0.43
0.39
0.6
0.81
2.77
4.73
5.11
3.41
1.71
1.71
2.36
2.36
1.95
1.54
1.54
2.58
3.62
4.01
4.41
4.43
4.45
4.28
3.9
3.53
2.9
2.32
1.75
1.36
0.96
0.87
0.79
0.74
0.7
0.57
0.44
0.41
0.37
0.37
0.37
0.46
0.55
0.75
0.95
