"Var1"
1.44
1.46
1.47
1.41
1.44
1.47
1.44
1.39
1.34
1.25
1.15
0.7
0.24
0.24
0.35
0.35
0.34
0.33
0.31
0.3
0.28
0.28
0.3
0.3
0.27
0.24
0.24
0.24
0.34
0.34
0.34
0.29
0.29
0.31
0.33
0.29
0.24
0.29
0.28
0.26
0.23
0.23
0.33
0.26
0.26
0.51
0.76
0.71
0.67
1.44
2.2
2.7
3.64
4.57
5.42
5.42
3.46
3.46
2.37
1.28
0.97
0.66
1.34
2.02
1.62
1.22
1.33
1.49
1.66
2.09
2.52
2.45
2.46
2.46
2.46
3.71
3.71
3.17
2.54
1.92
1.8
1.88
1.97
2.11
3.14
4.16
3.11
2.06
2.06
1.99
1.99
2.48
2.98
2.98
1.65
1.65
1.31
0.98
1.07
1.66
2.25
2.7
3.49
4.28
4.02
3.76
3.75
3.51
3.26
2.38
1.5
1.51
1.52
1.56
1.56
1.56
1.56
1.49
1.53
1.53
1.52
1.51
1.51
1.52
1.52
1.56
1.55
1.54
1.56
1.57
1.57
1.49
1.49
1.49
1.06
0.62
0.5
0.49
0.49
0.45
0.41
0.77
1.13
1.62
