"Var1"
3.71
3.72
3.73
3.71
3.69
3.66
3.64
3.6
3.56
3.47
3.41
3.34
3.49
3.49
3.5
3.46
3.43
3.29
2.89
2.48
2.4
2.31
2.29
2.33
2.38
2.29
2.33
2.37
2.26
2.14
2.29
2.36
2.43
2.36
2.26
2.12
2.06
2
2.05
2.1
2.11
2.09
2.08
2.12
2.04
1.95
2.01
2.06
2.1
2.1
2.4
2.4
2.1
1.8
1.81
1.32
0.82
0.63
1.05
1.47
1.55
1.56
1.56
1.55
1.55
1.56
1.57
1.57
1.58
1.55
1.53
1.55
1.53
1.5
1.6
1.7
1.67
1.64
1.62
1.62
2.07
2.51
1.61
0.71
2.65
4.58
5.51
4.11
2.72
2.32
1.92
1.85
1.77
2.29
2.81
2.97
3.13
2.58
2.03
2.03
2.16
2.16
2.2
2.25
2.37
2.49
2.6
2.94
3.27
3.56
3.88
3.88
7.16
7.16
7.02
6.88
6.48
6.08
5.07
4.67
4.28
4.08
3.88
3.31
3.17
3.04
3.18
3.32
3.66
4
3.98
4.24
4.5
4.29
3.62
2.95
2.38
2.56
2.73
2.56
2.39
2.54
2.7
2.84
