"Var1"
1.43
1.31
1.19
0.79
0.4
0.34
0.32
0.29
0.31
0.33
0.34
0.35
0.31
0.26
0.31
0.35
0.31
0.27
0.27
0.38
0.38
0.34
0.3
0.3
0.34
0.28
0.32
0.32
0.33
0.33
0.29
0.31
0.34
0.32
0.3
0.33
0.37
0.44
0.44
2.22
2.22
2
1.83
1.66
1.8
1.95
2.34
2.07
1.8
2.76
3.73
2.77
1.82
1.58
1.35
1.38
1.84
2.3
2.3
1.41
1.41
1.43
1.44
3.02
4.59
3.75
2.9
2.07
1.23
1.74
2.88
4.03
3.79
3.54
3.34
3.27
3.19
3.19
3.12
3.05
2.91
2.77
2.12
1.46
0.95
0.43
0.35
0.27
0.32
0.39
0.46
0.37
0.27
0.27
0.38
0.34
0.36
0.36
0.35
0.37
0.32
0.32
0.36
0.4
0.36
0.32
0.32
0.35
0.39
0.42
1.71
2.99
3.09
2.99
2.9
2.74
2.59
2.48
2.37
2.31
2.25
2.18
2.11
2.03
2.03
2.24
2.45
2.36
2.26
2.09
1.92
1.7
1.47
0.92
0.6
0.28
0.34
0.28
0.23
0.26
0.29
0.32
0.35
0.22
