"Var1"
0.23
0.23
0.22
0.2
0.19
0.21
0.25
0.29
0.26
0.26
0.29
0.28
0.24
0.25
0.23
0.19
0.18
0.21
0.2
0.19
0.19
0.2
0.2
0.21
0.22
0.27
0.29
0.26
0.25
0.28
0.29
0.56
0.97
1.23
1.14
1
0.59
0.18
0.21
0.18
0.19
0.21
0.23
0.22
0.76
1.14
0.88
0.37
0.32
0.31
0.32
0.27
0.12
0.56
0.99
1.38
1.35
1.31
1.29
1.27
1.24
1.27
1.09
0.91
0.62
0.33
0.37
0.38
0.35
0.32
0.32
0.32
0.3
0.3
0.32
0.57
0.83
1.06
1.3
0.96
0.62
0.56
0.56
0.55
0.5
0.44
0.43
0.39
0.36
0.37
0.74
1.11
0.71
0.31
0.24
0.25
0.3
0.3
0.29
0.33
0.37
0.34
0.24
0.24
1.54
1.54
1.5
1.73
1.97
2.14
2.26
2.82
3.38
2.78
2.2
1.95
1.94
1.94
1.9
1.88
1.64
1.39
1.14
0.89
0.79
0.67
0.73
0.8
0.87
1.32
1.78
1.65
1.65
1.03
1.03
1.64
2.26
1.71
1.09
0.31
0.31
0.27
0.21
0.19
