"Var1"
1.31
0.73
0.15
0.21
0.27
0.25
0.23
0.26
0.29
0.26
0.23
0.22
0.22
0.19
0.17
0.19
0.21
0.2
0.18
0.19
0.21
0.22
0.23
0.26
0.28
0.28
0.28
0.24
0.21
0.19
0.17
0.18
0.19
0.21
0.19
0.17
0.19
0.19
0.18
0.18
1.56
1.56
1.56
1.26
1.26
1.6
1.93
2.62
3.32
2.27
1.23
1.97
2.72
1.93
1.14
1.21
1.29
1.03
0.78
0.53
0.29
0.23
0.16
0.18
0.19
0.17
0.14
0.17
0.19
0.19
0.19
0.19
0.19
0.19
0.24
0.24
0.28
0.28
0.26
0.25
0.23
0.21
0.17
0.14
0.17
0.21
0.12
0.18
0.24
0.26
0.22
0.18
0.28
0.25
0.22
0.25
0.27
0.23
0.19
0.2
0.22
0.19
0.18
0.17
0.18
0.19
0.16
0.19
0.23
0.21
0.2
0.93
1.65
2.68
3.7
3.31
2.92
3.47
4.01
3.3
2.6
1.82
1.04
1.29
1.54
3.56
5.57
6.32
7.07
6.09
5.11
4.8
4.5
3.93
3.35
2.45
1.55
1.43
1.3
1.3
1.31
1.34
1.07
0.81
