"Var1"
2.8
2.27
1.73
1.65
1.57
2.01
2.45
2.52
2.59
2.54
2.59
2.65
2.54
2.43
2.19
1.96
1.6
1.47
1.35
1.36
1.3
1.23
1.23
1.23
1.22
1.16
1.09
1.15
1.2
1.19
1.17
1.22
1.18
1.14
1.1
1.06
0.91
0.75
0.53
0.47
0.41
0.38
0.29
0.21
0.25
0.24
0.24
0.25
0.26
0.45
0.65
0.85
1.05
1.33
1.61
1.11
0.6
0.6
0.54
0.47
0.57
0.47
0.38
0.43
0.43
1.95
1.95
2.01
2.07
1.9
1.74
2.17
2.61
2.67
2.73
2.86
3.26
3.67
3.75
2.93
2.11
3.13
4.15
4.15
3.7
3.7
3.83
3.83
2.67
2.67
2.78
2.89
4.81
6.74
5.46
4.18
4.11
4.2
4.28
4.28
4.36
4.36
3.76
2.74
1.72
1.67
1.63
1.72
1.81
2.05
2.29
2.59
2.89
2.87
2.85
2.84
2.84
2.83
2.82
2.44
2.06
1.8
1.55
1.94
2.33
3.08
3.83
3.69
3.56
3.29
3.02
2.55
2.22
1.89
1.27
0.64
0.64
0.58
0.56
0.47
0.44
0.46
0.46
0.47
