"Var1"
0.35
0.34
0.31
0.35
0.38
0.35
0.31
0.27
0.28
0.3
0.32
0.29
0.32
0.35
0.35
0.32
0.26
0.27
0.31
0.31
0.27
0.26
0.31
0.52
0.72
1.03
1.34
1.1
0.86
0.55
0.23
0.31
0.33
0.32
0.3
0.31
0.29
0.28
0.26
0.27
1.1
1.94
1.75
1.56
2
2
3.15
3.15
2.82
2.48
1.58
1.58
2.45
2.45
1.93
1.4
0.92
0.64
0.35
0.32
0.31
0.32
0.34
0.35
0.35
0.36
0.35
0.34
0.32
0.31
0.33
0.34
0.33
0.31
0.31
0.32
0.34
0.33
0.33
0.34
0.35
0.35
3.01
3.01
2.51
2.01
1.84
1.84
2.42
2.42
3.12
3.82
4.45
5.08
5.62
6.16
4.95
3.74
3.59
3.45
3.45
4.86
4.86
3.7
2.55
2.89
2.9
2.91
2.99
3.15
3.36
3.41
3.45
3.25
3.05
2.7
2.44
2.18
1.9
1.62
2.09
2.55
2.68
2.81
2.86
2.91
2.8
2.69
2.71
2.72
2.62
2.62
0.86
0.86
0.67
0.49
0.51
0.5
0.44
0.39
0.38
0.35
0.32
0.29
