"Var1"
0.77
1.06
1.36
1.28
1.2
0.78
0.37
0.37
0.27
0.27
0.25
0.22
0.23
0.21
0.19
0.23
0.22
0.22
0.21
0.21
0.24
0.25
0.26
0.26
0.28
0.28
0.28
0.27
0.27
0.22
0.17
0.16
0.16
0.16
0.16
0.16
0.15
0.14
0.14
0.25
0.25
0.25
0.26
0.3
0.34
0.45
0.55
0.9
1.25
0.97
0.7
0.48
0.27
0.18
0.34
0.5
0.29
0.5
0.71
1.08
1.45
1.4
1.35
1.35
1.35
1.35
1.85
2.35
1.86
1.36
1.41
1.45
0.99
0.52
0.36
0.19
0.25
0.31
0.31
0.38
0.28
0.28
0.33
0.39
1.1
1.82
2.39
2.97
1.74
0.5
0.51
0.81
1.12
0.67
0.21
0.7
1.19
1.26
1.33
1.48
1.63
1.63
0.65
0.65
0.56
0.47
0.44
0.67
0.91
0.89
0.87
0.8
0.72
2.01
3.31
3.88
4.44
3.86
3.34
2.82
2.16
1.5
1.07
0.63
0.63
0.41
0.41
0.49
0.57
0.62
1.16
1.7
1.68
1.65
1.58
1.5
1.34
1.18
0.85
0.52
0.45
0.36
0.27
0.31
