"Var1"
0.38
0.39
0.4
0.37
0.33
0.34
0.34
0.37
0.41
0.36
0.31
0.4
0.48
0.95
1.42
1.42
1.99
2.55
2.49
2.43
2.45
2.45
2.45
2.45
2.46
2.46
2.43
2.4
2.38
2.35
2.39
2.44
2.4
2.35
2.37
2.38
2.39
2.42
2.45
2.52
2.59
2.5
2.93
3.35
3.53
3.71
2.53
1.35
1.65
1.95
2.45
2.95
2.41
1.87
1.93
1.98
2.04
1.98
1.92
3.34
4.76
5.9
5.54
5.17
4.45
3.72
3.72
1.49
1.49
1.51
1.54
1.53
1.52
1.52
1.56
1.56
1.48
1.4
1.43
1.46
1.45
1.69
1.93
1.88
1.82
2.03
2.24
2.24
2.12
2.12
1.94
1.76
2.51
3.25
3.34
3.43
3.43
1.71
1.71
1.78
1.85
1.83
1.82
1.77
1.71
1.65
2.73
3.82
3.77
3.73
4.16
4.59
3.99
3.38
3.56
3.74
3.75
3.73
3.72
4.39
4.8
5.21
4.86
4.52
4.19
4.19
2.39
2.39
2.36
2.33
2.47
2.62
2.63
2.54
2.45
2.22
1.98
1.98
2.06
2.13
2.23
2.5
2.77
3.42
