"Var1"
0.34
0.31
0.32
0.34
0.33
0.31
0.35
0.39
0.38
0.37
0.34
0.31
0.31
0.31
0.31
0.32
0.32
0.29
0.29
0.32
0.35
0.37
0.37
0.33
0.33
0.29
0.31
0.34
0.32
0.3
0.23
0.77
1.31
1.38
1.07
0.76
0.43
0.68
0.94
1.47
2.89
4.3
3.23
2.16
2.28
2.4
2.22
2.04
1.73
1.43
1.37
1.31
1.38
1.35
1.33
1.35
1.36
1.36
1.36
1.37
1.38
1.01
0.64
0.46
0.28
0.3
0.32
0.32
0.25
0.31
0.29
0.29
0.3
0.3
0.39
0.35
0.31
0.3
0.3
0.3
0.3
0.29
0.28
0.31
0.33
0.32
0.31
0.27
0.32
0.37
0.32
0.31
0.29
0.29
0.31
0.31
0.33
0.34
0.32
0.3
0.32
0.34
0.35
0.37
0.35
0.56
0.78
1.22
1.67
1.66
1.66
1.73
2.01
2.28
2.35
2.41
2.47
2.55
2.64
2.74
2.83
2.66
2.88
3.09
3.47
3.89
4.32
3.59
2.85
2.87
2.77
2.68
2.49
3.14
3.8
3.8
1.43
1.43
1.4
1.37
1.43
0.87
0.31
0.25
