"Var1"
0.29
0.29
0.29
0.3
0.3
0.31
0.31
0.31
0.31
0.29
0.28
0.26
0.25
0.26
0.27
0.25
0.24
0.26
0.29
0.3
0.3
0.3
0.29
0.27
0.26
0.28
0.31
0.29
0.27
0.23
0.23
1.45
1.45
1.35
0.92
0.49
0.36
0.24
0.28
0.31
0.38
0.72
1.06
0.95
0.84
1.24
1.64
1.85
2.06
1.7
1.35
1.36
1.51
1.66
1.73
1.79
1.82
1.85
1.85
1.85
1.86
1.63
1.41
1.4
1.39
1.33
1.4
1.47
1.47
1.46
1.42
1.38
1.98
2.59
1.97
1.35
1.33
1.32
1.32
1.84
1.84
1.71
1.58
1.64
1.7
1.66
1.51
1.37
1.38
1.39
1.43
1.5
1.49
1.48
1.45
1.46
1.46
1.75
2.04
1.91
1.78
1.57
1.36
1.46
1.56
1.7
1.83
1.95
2.06
2.04
2.01
2.36
2.7
2.96
3.23
3.39
3.54
2.78
2.03
2.38
2.74
2.86
2.97
3.4
3.83
2.77
2.07
1.37
1.43
1.49
1.41
1.71
2.01
1.28
0.54
0.7
0.85
0.86
0.87
1.09
1.31
1.44
1.56
1.5
