"Var1"
0.33
0.87
1.4
0.99
0.58
0.46
0.34
0.26
0.28
0.31
0.31
0.32
0.32
0.32
0.32
0.27
0.22
0.23
0.26
0.27
0.29
0.28
0.26
0.32
0.38
0.28
0.28
0.26
0.26
0.27
0.28
0.29
0.29
0.28
0.28
0.28
0.29
0.31
0.3
0.31
0.32
0.3
0.28
1.16
2.04
1.91
1.59
1.26
1.02
0.78
2.42
4.07
3.52
2.97
2.97
0.71
0.71
0.41
2.14
3.88
3.39
2.91
2.53
2.53
5.27
5.27
4.84
4.41
3.54
2.68
2.17
1.74
1.31
1.02
1.49
1.97
2.64
3.32
2.86
2.41
2.01
1.62
1.14
0.66
1.58
2.51
2.11
1.7
1.13
1.13
2.05
2.05
1.93
1.8
1.8
1.81
1.76
1.73
1.74
1.75
2.19
2.63
2.58
2.82
3.07
2.85
2.64
2.45
2.27
2.07
1.87
1.71
1.87
2.03
2.39
2.96
3.52
3.3
3.08
2.93
3.86
4.78
4.9
5.02
4.92
4.83
5.02
5.21
4.78
4.34
4.68
5.02
5.39
5.76
5.66
5.55
5.75
5.95
5.4
4.86
4.86
4.78
4.78
5.53
