"Var1"
0.42
0.48
0.45
0.42
0.51
0.6
0.88
1.16
1.32
1.49
1.35
1.21
0.81
0.4
0.45
0.51
0.51
0.46
0.46
0.46
0.45
0.44
0.44
0.44
0.46
0.46
0.48
0.45
0.42
0.42
0.42
0.45
0.45
0.45
0.47
0.47
0.5
0.52
1.1
1.68
2.14
2.6
2.48
2.21
1.93
2.12
2.3
2.45
2.6
2.24
2.19
2.14
2.23
2.14
2.06
1.99
1.91
1.98
2.05
2.03
2.01
1.82
1.64
1.64
1.57
1.57
1.56
1.56
1.56
1.61
1.61
1.56
1.5
1.45
1.39
1.39
4.85
4.85
4.19
3.52
5.22
6.93
6.32
5.01
3.7
2.79
2.79
3.68
3.68
3.34
3.2
3.06
3.09
2.68
2.27
1.87
1.47
1.41
1.42
1.44
1.5
1.26
1.01
0.68
0.35
0.52
0.7
0.85
1
1.7
2.4
3.05
3.71
2.89
2.08
1.8
1.53
1.84
2.19
2.54
2.65
2.76
2.31
1.85
1.68
1.49
1.3
1.09
0.87
0.91
0.92
0.93
0.93
0.77
0.77
0.69
0.61
0.62
0.62
0.38
0.32
0.26
0.26
0.26
