"Var1"
0.33
0.3
0.32
0.43
0.49
0.55
0.57
0.44
0.3
0.27
0.3
0.35
0.39
0.36
0.37
0.4
0.4
0.36
0.31
0.32
0.31
0.3
0.32
0.3
0.3
0.31
0.32
0.3
0.25
0.56
0.86
1.09
1.32
1.21
1.11
0.72
0.33
0.65
0.98
1.57
3.09
4.61
3.43
2.25
2.26
2.27
2.06
1.85
1.82
1.6
1.39
1.36
1.37
1.41
1.43
1.42
1.41
1.44
1.46
1.37
1.35
1.39
1.39
1.35
1.35
1.39
1.4
1.36
1.36
1.37
1.39
1.38
1.39
1.38
1.4
1.43
1.47
1.48
1.45
1.41
1.42
1.47
0.86
0.26
0.28
0.29
0.31
0.29
0.31
0.35
0.34
0.31
0.31
0.32
0.32
0.33
0.38
0.44
0.45
0.47
0.51
0.54
0.49
0.51
0.53
0.5
0.38
0.26
0.37
0.49
0.85
1.22
2.38
3.54
3.12
2.71
2.71
5.53
5.53
4.88
4.58
4.28
3.86
3.49
3.12
3.02
2.94
2.9
2.95
2.99
2.94
2.89
2.86
2.81
2.62
2.36
2.04
1.89
1.75
1.7
1.67
1.65
1.63
1.63
