"Var1"
0.74
0.5
0.31
0.25
0.27
0.32
0.32
0.27
0.27
0.34
0.36
0.32
0.28
0.29
0.31
0.3
0.29
0.3
0.3
0.29
0.3
0.34
0.34
0.32
0.3
0.32
0.32
0.28
0.26
0.31
0.31
0.29
0.25
0.25
0.32
0.39
0.29
0.29
0.38
0.91
1.44
1.44
2.91
2.91
2.67
2.43
2.86
2.62
2.37
1.86
1.35
1.33
1.33
1.33
1.34
1.03
0.72
0.54
0.35
0.35
0.3
0.29
0.32
0.32
0.27
0.26
0.31
0.32
0.28
0.24
0.5
0.76
0.76
0.77
0.55
0.41
0.32
0.3
0.29
0.3
0.33
0.56
0.79
0.86
0.86
0.83
0.77
0.71
0.48
0.25
0.29
0.3
0.67
1.03
1.26
1.49
1.51
1.52
1.52
1.55
1.55
1.6
1.65
1.9
1.87
1.83
1.87
1.9
2.46
3.02
3.18
3.35
3.57
3.8
3.8
3.06
3.06
2.81
2.81
1.81
1.81
1.69
2.1
2.8
3.57
3.97
4.37
2.74
1.12
0.99
0.92
0.92
0.96
1.56
2.16
2.04
1.92
1.32
0.73
0.69
0.64
0.58
0.53
0.53
