"Var1"
0.3
0.3
0.35
0.23
0.23
0.24
0.26
0.25
0.24
0.25
0.25
0.28
0.31
0.28
0.25
0.3
0.35
0.33
0.3
0.27
0.24
0.27
0.29
0.27
0.25
0.26
0.28
0.26
0.25
0.24
0.22
0.27
0.32
0.31
0.3
0.3
1.67
1.67
1.62
1.62
2.95
2.95
2.61
2.27
2.6
2.92
3.23
2.72
2.21
4.3
2.91
1.51
1.51
1.37
1.37
1.99
2.61
1.94
1.28
1.32
1.35
1.32
1.3
1.3
1.4
1.4
1.44
1.48
1.57
1.65
3.26
4.88
3.53
2.18
1.9
1.9
1.89
1.79
1.69
1.66
1.63
1.65
1.73
1.81
1.7
1.6
1.59
1.59
1.59
1.59
1.64
1.69
2.18
2.67
3.26
3.85
3.12
2.4
2.18
1.96
1.78
1.78
1.3
1.3
0.95
0.61
0.96
1.11
1.25
1.61
1.96
2.02
2.08
1.97
2.25
2.54
2.6
2.67
2.41
2.13
1.85
1.65
1.68
1.71
2.06
2.4
3.3
3.67
4.03
3.94
3.84
3.98
4.48
4.98
3.31
1.65
1.26
0.87
0.65
0.44
1.05
0.72
0.39
0.38
