"Var1"
0.34
0.28
0.34
0.41
0.48
0.54
0.53
0.41
0.3
0.29
0.3
0.3
0.3
0.28
0.28
0.28
0.28
0.28
0.28
0.28
0.27
0.25
0.39
0.54
0.95
1.37
1.02
0.68
0.51
0.35
0.3
0.3
0.31
0.27
0.23
0.23
0.28
0.27
0.29
0.29
0.3
0.3
0.3
0.22
1.25
2.27
2.25
2.23
2.17
2.11
2.28
2.45
2.22
1.99
1.99
2.65
2.65
2.04
1.42
1.71
2.04
2.37
2.52
2.68
2.97
3.26
3.66
3.68
3.7
3.34
2.73
2.11
1.91
2.34
2.78
2.85
2.93
2.98
3.04
2.94
2.84
2.51
2.18
2.03
1.95
1.88
1.89
1.89
1.97
2.04
2.17
2.31
1.97
1.62
2.15
1.85
1.56
1.5
1.43
1.51
1.58
2
2.41
2.41
3.58
3.58
4.06
4.54
4.31
4.29
4.28
4.15
4.47
4.78
3.64
2.51
2.36
2.6
2.85
3.31
3.31
3.32
3.35
3.38
4.01
4.64
4.58
4.52
4.65
4.78
5.03
4.89
4.75
4.14
3.54
3.24
2.94
2.77
2.64
2.69
2.74
2.76
2.93
3.11
