"Var1"
0.27
0.27
0.32
0.32
0.29
0.27
0.27
0.33
0.3
0.3
0.29
0.28
0.27
0.26
0.26
0.28
0.3
0.3
0.33
0.33
0.33
0.32
0.28
0.27
0.26
0.27
0.73
1.19
1.19
0.86
0.86
0.56
0.26
0.25
0.23
0.26
0.28
0.28
0.28
0.3
0.33
1.23
2.12
2.02
2.02
2.19
2.19
2.09
1.99
1.97
1.94
1.87
1.72
1.57
1.45
1.33
1.35
1.32
1.29
1.31
1.33
1.35
1.35
1.37
1.37
1.37
1.35
1.32
1.35
1.38
1.4
1.75
2.11
3.67
3.09
2.52
1.97
1.43
2.11
2.8
6.64
5.26
3.88
4.34
3.95
3.56
3.06
2.57
2.03
1.49
1.57
1.6
1.63
1.67
1.71
1.65
1.54
1.43
1.43
1.44
1.45
1.47
1.45
1.46
1.46
1.46
1.55
1.64
1.93
2.22
2.48
2.74
2.72
2.71
2.48
2.24
2.3
2.36
2.44
2.53
2.17
1.81
1.66
1.5
1.55
1.6
1.85
2.1
1.83
1.65
1.47
2.32
3.16
2.77
2.29
1.81
1.67
1.53
1.09
0.65
0.52
0.39
0.31
0.23
