"Var1"
0.4
0.31
0.26
0.31
0.3
0.29
0.34
0.4
0.37
0.33
0.3
0.31
0.87
1.44
1.32
1.19
0.81
0.42
0.35
0.29
0.27
0.33
0.29
0.25
0.27
0.31
0.31
0.31
0.29
0.3
0.32
0.3
0.29
0.29
0.33
0.35
0.35
0.3
0.31
0.35
1.03
1.7
2.09
2.48
2.62
2.72
3.15
3.58
3.17
2.77
2.82
2.87
2.16
1.44
2
2.56
2.01
1.47
1.41
1.35
1.78
2.21
1.74
1.27
1.35
1.4
1.38
1.32
1.31
1.37
1.35
1.33
1.32
1.33
1.35
1.36
1.32
1.32
1.35
1.34
1.32
1.31
1.35
1.39
1.4
1.35
1.33
1.35
1.36
1.34
1.32
1.34
1.39
1.41
1.38
1.39
1.39
1.38
1.34
1.32
1.35
1.36
1.35
1.34
1.48
1.62
1.4
1.18
0.92
0.66
0.99
1.31
1.64
2.81
3.97
3.47
2.97
2.77
2.57
2.08
2.66
3.23
5.43
7.64
6.35
5.07
4.36
3.65
2.69
1.74
1.72
1.69
1.24
0.8
1.02
1.22
1.41
1.97
2.54
1.79
1.04
0.7
0.37
0.31
