"Var1"
0.94
1.09
1.07
1.17
1.23
1.39
1.3
1.15
0.99
0.91
0.97
0.98
0.96
0.95
1.01
1.22
1.28
1.24
1.24
1.23
1.39
1.35
1.3
1.29
1.36
1.72
1.87
2.07
1.98
1.94
1.88
1.73
1.38
1.23
1.18
1.06
0.92
0.99
0.87
0.94
0.84
0.85
0.95
0.88
0.94
0.82
0.92
0.9
0.83
0.98
1.32
1.67
1.51
1.38
1.52
1.46
1.4
1.14
1.09
1.11
1.61
2.16
2.72
3.28
2.99
2.7
2.41
2.21
2.2
2.1
2.13
2.01
2.95
3.89
3.1
3.8
4.5
4.67
4.43
3.64
2.81
2.37
2.2
2.32
2.35
2.49
2.48
2.39
2.54
2.47
2.27
1.48
1.99
2.49
2.39
2.06
1.67
1.57
1.45
1.42
1.65
2.02
2.17
2.13
2.21
2.35
2.66
2.77
2.84
2.6
2.62
2.64
2.65
2.67
2.91
3.46
3.58
3.06
2.15
2.01
2.69
3.45
3.85
3.64
3.43
3.07
3.13
3.49
3.09
2.14
1.3
1.01
0.78
0.54
0.37
0.28
0.28
0.29
0.29
0.26
0.27
0.28
0.29
0.28
