"Var1"
0.25
0.29
0.33
0.33
0.32
0.34
0.35
0.35
0.34
0.29
0.23
0.16
0.22
0.29
0.24
0.19
0.16
0.2
0.24
0.24
0.23
0.19
0.17
0.19
0.23
0.27
0.19
0.12
0.21
0.3
0.28
0.76
1.23
1.28
0.78
0.28
0.27
0.25
0.23
0.22
0.23
0.5
0.77
0.44
0.12
0.16
0.21
0.2
0.24
0.28
0.48
0.67
0.99
1.32
1.2
1.11
1.02
0.93
0.85
2
3.14
2.88
2.24
1.61
1.5
1.39
1.47
1.55
1.59
1.61
1.64
1.61
1.59
1.6
1.61
1.61
1.64
1.67
1.82
1.96
2.01
2.06
1.87
1.68
1.49
1.29
1.53
1.67
1.81
1.89
1.98
1.75
1.52
2.49
2.49
1.03
1.03
1
0.97
1.74
2.52
2.51
2.49
3.28
4.07
2.6
1.12
1.56
1.99
2.19
2.39
2.38
2.92
3.47
3.47
2.42
2.42
2.42
3.15
3.15
3.17
3.18
3.38
3.33
3.28
2.95
2.62
2.47
2.32
1.77
1.23
1.17
1.32
1.47
1.23
0.98
0.99
1
1.26
1.52
1.79
1.95
2.1
2.05
