"Var1"
1.49
1.29
1.1
0.71
0.33
0.28
0.23
0.27
0.3
0.32
0.33
0.33
0.32
0.3
0.28
0.3
0.29
0.27
0.27
0.27
0.27
0.27
0.27
0.3
0.33
0.34
0.32
0.33
0.33
0.29
0.24
0.27
0.32
0.31
0.3
0.3
0.3
0.26
0.23
0.25
0.31
0.41
0.79
1.18
1.14
1.1
1.5
1.9
2.22
1.96
1.7
1.58
1.62
1.66
1.49
1.32
1.34
1.37
1.37
1.37
1.36
1.36
1.35
1.32
1.28
1.37
1.46
1.42
1.37
2.64
3.91
3.89
2.67
1.46
0.92
0.38
0.39
0.37
0.35
0.37
0.38
0.35
0.32
0.33
0.33
1.42
1.42
0.91
0.4
0.44
0.47
0.42
1.64
2.86
1.57
0.27
0.26
0.3
0.33
0.32
0.31
0.34
0.36
0.36
0.52
0.52
0.57
0.61
0.79
0.96
0.96
2.1
2.1
2.04
1.99
2.79
3.59
4.31
5.02
4.87
4.74
3.54
2.34
2.84
3.34
3.3
3.25
2.96
2.92
2.89
3.13
3.01
2.9
2.88
3.12
3.36
3.36
1.61
1.61
1.41
0.89
0.37
0.71
1.05
