"Var1"
0.84
0.75
0.71
0.73
0.79
0.85
0.75
0.73
0.76
0.76
0.72
0.74
0.76
0.78
0.76
0.75
0.77
0.8
0.82
0.8
0.79
0.77
0.76
0.74
0.75
0.75
0.75
0.73
0.75
0.77
0.78
0.79
0.8
0.8
0.76
0.72
0.69
1.27
1.86
1.43
1
1
1.35
1.35
1.01
0.67
0.8
1.09
1.38
1.49
1.58
1.63
2.12
2.6
2.48
2.36
1.98
1.59
1.6
1.61
2.02
2.43
1.29
0.84
0.39
0.29
0.25
0.28
0.31
0.3
0.28
0.3
0.36
0.38
0.29
0.29
0.3
0.31
0.28
0.28
0.29
0.3
0.28
0.27
0.27
0.3
0.33
0.35
0.34
0.34
0.29
0.27
0.29
0.31
0.29
0.28
0.28
0.32
0.34
0.34
0.33
0.33
0.33
0.46
0.59
0.97
1.36
1.29
1.91
2.52
3.1
3.9
4.71
4.43
4.2
3.97
3.97
3.98
3.61
3.25
2.85
2.45
2.45
0.8
0.8
0.78
0.79
1.27
1.75
1.78
1.81
1.65
1.46
1.46
2.19
2.19
2.03
1.86
1.5
1.14
1.13
1.1
1.07
1.06
