"Var1"
1.37
1.41
1.45
1.5
1.08
0.65
0.55
0.45
0.35
0.27
0.29
0.3
0.32
0.28
0.31
0.36
0.35
0.31
0.28
0.33
0.34
0.34
0.35
0.38
0.42
0.4
0.33
0.32
0.34
0.35
0.32
0.31
0.32
0.34
0.32
0.3
0.32
0.32
0.33
0.32
0.32
0.84
1.37
1.64
1.92
2.07
2.21
2.21
2.31
2.31
1.86
1.4
1.41
1.39
1.36
1.33
1.33
1.36
1.42
1.41
1.39
1.39
1.39
1.37
1.32
1.31
1.33
1.35
1.33
1.3
1.29
1.29
0.23
0.23
0.25
0.31
0.32
0.34
0.31
0.3
0.31
0.32
0.26
0.26
0.32
0.28
0.23
0.24
0.27
0.29
0.3
0.25
0.26
0.32
0.35
0.34
0.35
0.4
0.4
0.35
0.71
1.08
1.24
1.41
1.39
1.41
1.43
1.44
1.4
1.4
4.42
4.42
3.92
3.41
3.49
3.25
3.01
1.92
1.17
0.42
0.4
0.35
0.27
0.61
0.94
0.94
1.96
1.96
2.27
2.58
2.58
2.89
2.89
2.83
2.75
2.32
1.89
1.64
1.4
1.33
1.26
1.16
1.06
1.16
