"Var1"
2.3
2.28
2.27
2.26
2.25
2.14
2.03
2
2.02
2.05
2.05
1.93
1.93
1.93
1.93
1.93
2.01
2.01
2.04
2.02
2
1.94
1.94
1.93
1.93
1.86
1.91
1.91
2.36
2.8
2.88
2.95
2.56
2.16
2.66
3.16
3.03
2.9
2.77
2.64
2.22
1.8
1.84
1.88
1.99
2.1
2.27
2.45
2.45
2.66
2.55
2.55
2.42
2.3
2.09
2.44
2.8
2.92
3.05
2.98
2.92
2.79
2.67
1.87
1.09
0.3
1.71
3.12
4.35
3.79
3.23
3.23
3.34
3.44
3.48
3.52
3.61
3.22
2.82
2.3
1.78
2.62
3.47
3.58
3.7
3.5
3.76
4.02
3.65
3.27
3.44
3.61
2.34
2.3
2.27
1.91
1.14
0.38
0.4
0.47
0.54
0.48
0.38
0.29
1.2
2.11
2.53
2.94
2.75
2.56
2.73
2.91
3.38
3.57
3.75
3.55
3.36
3.23
3.47
3.71
3.16
2.61
2.63
3.08
3.53
3.2
2.86
2.75
2.64
2.47
2.36
2.24
2.19
2.14
1.83
1.52
1.48
1.44
1.42
1.4
1.4
1.41
1.41
1.41
