"Var1"
0.23
0.17
0.13
0.12
0.14
0.16
0.13
0.15
0.19
0.18
0.16
0.16
0.18
0.16
0.16
0.17
0.16
0.16
0.17
0.19
0.16
0.14
0.15
0.15
0.14
0.14
0.17
0.19
0.17
0.16
0.17
0.18
0.16
0.17
0.17
0.16
0.16
0.19
0.19
0.15
0.14
0.18
0.27
0.37
0.81
1.24
1.25
1.21
0.89
0.57
0.37
0.16
0.17
0.17
0.14
0.16
0.19
0.19
0.13
0.14
0.2
0.17
0.13
0.14
0.17
0.18
0.16
0.16
0.16
0.16
0.16
0.19
0.17
0.13
0.11
0.15
0.19
0.13
0.14
0.19
0.23
0.23
0.24
0.45
0.66
0.61
0.49
0.38
0.43
0.8
1.18
1.61
2.04
2.34
2.64
3.23
3.82
3.82
2.17
2.17
4.13
6.08
3.99
1.91
1.34
2.16
2.97
3.75
3.28
2.81
3.47
4.13
3.21
2.29
2.29
2.89
2.89
2.99
3.1
2.05
1.9
1.74
3.3
3.25
3.2
3.02
2.33
1.64
2.17
2.7
2.7
1.57
1.57
1.57
0.23
0.23
0.22
0.23
0.23
0.19
0.16
0.18
0.23
0.28
