"Var1"
0.25
0.26
0.28
0.29
0.29
0.29
0.29
0.26
0.23
0.27
0.32
0.32
0.34
0.34
0.31
0.27
0.28
0.3
0.28
0.27
0.28
0.3
0.3
0.25
0.25
0.28
0.3
0.3
0.27
0.27
0.26
0.26
0.26
0.26
0.33
0.33
0.29
0.25
0.25
0.34
0.34
1.59
2.85
2.92
3
2.8
2.61
2.43
2.25
2.08
2.05
2.01
2.06
2.11
2.01
1.92
1.65
1.39
1.42
1.44
1.42
1.41
1.4
1.39
1.41
1.42
1.52
1.61
1.6
1.6
1.58
1.57
1.44
1.31
1.38
1.39
1.4
2.28
3.16
3.12
3.3
3.48
4.5
5.52
3.76
3.14
2.52
2.52
2.13
2.13
2.06
2.26
2.46
2.94
3.42
3.31
3.2
2.91
2.63
2.35
2.07
2.22
2.37
2.39
2.42
2.44
2.54
2.64
2.67
2.7
2.78
2.87
2.74
2.62
2.34
2.06
1.98
1.78
1.58
2.01
2.45
3.97
3.61
3.25
2.45
1.64
1.76
1.88
1.49
1.1
1.08
0.92
0.77
0.66
0.56
0.6
0.63
0.59
0.54
0.54
0.65
0.65
0.81
0.97
