"Var1"
1.84
1.29
0.73
0.71
0.7
0.7
0.5
0.31
0.27
0.23
0.24
0.26
0.29
0.29
0.29
0.29
0.33
0.33
0.33
0.34
0.34
0.29
0.24
0.3
0.3
0.3
0.3
0.25
0.25
0.24
0.26
0.28
0.28
0.31
0.31
0.61
0.91
1.13
1.35
1.21
1.07
0.67
0.27
0.92
1.57
1.59
1.46
1.33
1.37
1.75
2.12
2.25
2.08
1.92
1.67
1.42
1.35
1.27
1.38
1.33
1.29
1.32
1.35
1.37
1.38
1.42
1.46
1.46
1.45
1.41
1.47
1.53
1.58
1.89
2.19
1.95
1.71
1.64
1.57
2.04
2.52
2.18
1.85
1.56
1.76
1.96
1.96
2.4
2.4
2.4
1.71
1.71
1.64
1.58
1.68
1.78
1.62
1.47
1.47
1.43
1.41
1.41
1.43
1.46
1.88
2.3
2.42
2.42
2.43
2.4
2.08
1.76
1.66
1.55
1.58
1.58
3.44
3.44
2.85
3.22
3.58
3.34
3.11
2.7
2.62
2.53
2.08
1.63
1.61
1.58
1.46
1.34
1.2
0.88
0.57
0.48
0.38
0.39
0.39
0.33
0.26
0.33
0.28
0.24
