"Var1"
0.2
0.26
0.31
0.3
0.29
0.3
0.31
0.31
0.64
0.98
1.3
1.23
1.15
0.68
0.21
0.28
0.34
0.32
0.3
0.3
0.28
0.26
0.22
0.24
0.28
0.25
0.21
0.22
0.23
0.26
0.29
0.21
0.29
0.38
0.35
0.3
0.27
0.24
0.25
0.25
0.25
0.27
0.3
0.27
0.24
0.94
1.63
1.45
1.16
0.87
0.53
1.29
2.06
2.92
3.78
3.23
2.68
2.18
1.68
1.78
1.89
1.94
1.99
2.07
2.15
1.97
1.87
1.77
1.6
1.43
1.52
1.62
1.72
1.81
1.9
1.98
2.05
2.23
2.41
2.24
2.07
1.96
1.85
2.07
2.29
2.29
2.72
2.72
3.02
3.33
3.36
3.4
3.15
2.9
4.38
3.73
3.07
2.83
2.59
2.58
2.58
2.61
2.64
2.56
2.48
2.36
2.24
2.18
2.11
2.37
2.63
2.91
4.26
5.61
5.62
5.41
5.2
4.99
4.78
4.78
4.78
4.78
4.17
3.48
2.78
2.86
2.87
2.87
2.8
2.73
3.27
3.82
4.67
5.52
4.51
3.5
3.87
4.23
4.49
4.75
4.07
3.39
3.42
3.45
