"Var1"
0.33
0.3
0.3
0.3
0.34
0.35
0.36
0.33
0.29
0.29
0.28
0.28
0.28
0.28
0.28
0.83
1.38
1.21
1.04
0.68
0.32
0.3
0.28
0.27
0.27
0.36
0.36
0.33
0.31
0.27
0.27
0.28
0.28
0.28
0.28
0.28
0.38
0.38
1.16
1.96
2.28
2.13
1.86
1.58
1.77
1.96
2.67
3.37
2.41
1.45
1.96
2.47
2.78
2.05
1.32
1.29
1.28
1.27
1.32
1.36
1.29
1.21
0.95
0.68
0.49
0.29
0.29
0.29
0.31
0.34
0.37
0.33
0.29
0.29
0.28
0.28
0.28
0.27
0.31
0.34
0.32
0.29
0.3
0.32
0.3
0.28
0.21
0.27
0.33
0.34
0.36
0.33
0.3
0.3
0.33
0.36
0.29
0.22
0.27
0.32
0.32
0.33
0.33
0.33
0.37
0.4
0.52
0.63
0.93
1.23
1.35
1.45
1.56
2.75
3.95
3.46
3.11
2.76
2.17
1.57
1.81
2.05
3.33
4.61
4.75
4.88
4.61
5.32
6.04
4.41
4.07
3.74
3.6
3.46
3.46
0.46
0.46
0.4
0.35
0.33
0.31
0.31
0.31
0.31
