"Var1"
1.21
0.65
0.44
0.22
0.2
0.2
0.22
0.2
0.2
0.19
0.19
0.2
0.2
0.21
0.22
0.2
0.19
0.2
0.21
0.2
0.2
0.19
0.18
0.2
0.22
0.19
0.16
0.19
0.23
0.18
0.13
0.18
0.24
0.19
0.14
0.16
0.16
0.24
0.19
0.19
0.19
0.19
0.19
0.2
0.2
0.27
0.35
0.27
0.24
0.2
0.61
1.03
1.26
1.49
1.27
0.93
0.58
0.39
0.2
0.43
1.21
1.99
1.23
0.46
0.59
1.78
2.97
2.58
2.05
1.53
0.97
0.41
0.64
0.64
3.02
3.02
2.44
1.87
1.53
1.62
1.72
1.72
4.73
4.73
3.58
2.44
1.55
0.67
0.74
2.1
3.45
2.94
2.43
1.14
0.66
0.17
0.25
1.31
2.37
1.98
1.58
1.6
1.62
1.52
1.42
2.1
2.77
2.77
1.32
1.32
0.85
0.37
0.79
1.21
3.02
3.13
3.23
2.85
2.25
1.65
1.62
2
2.37
2.31
2.25
2.02
1.79
1.58
1.4
1.22
1.19
1.15
1.18
1.21
0.82
0.42
0.3
0.18
0.17
0.16
0.17
0.18
0.18
0.17
