"Var1"
0.7
0.67
0.64
0.41
0.19
0.18
0.17
0.18
0.2
0.21
0.23
0.23
0.28
0.19
0.16
0.23
0.23
0.59
0.95
1.3
1.12
0.94
0.58
0.22
0.22
0.2
0.2
0.28
0.23
0.18
0.19
0.19
0.15
0.11
0.14
0.17
0.15
0.12
0.14
0.16
0.16
0.15
0.19
0.22
0.22
0.22
0.21
0.2
0.23
0.25
0.21
0.17
0.19
0.21
0.24
0.28
0.45
0.34
0.23
0.26
0.28
0.29
0.81
1.33
1.81
2.3
1.84
1.38
1.46
1.8
2.15
2.15
0.97
0.97
0.68
0.39
0.52
0.65
0.63
0.61
0.5
0.4
0.48
0.56
0.79
1.2
1.62
1.64
1.62
1.6
1.6
1.68
1.58
1.58
1.61
1.53
1.46
1.28
0.88
0.48
0.46
0.48
0.51
0.64
1.06
1.47
1.75
2.03
1.51
0.99
0.99
3.67
3.67
2.75
1.84
2.27
2.69
2.33
1.97
1.48
0.98
2.24
3.54
4.83
5.18
4.73
4.29
4.29
2.35
2.35
2.3
2.25
2.2
2.16
2.05
1.94
1.93
1.95
1.98
1.84
1.66
1.48
1.35
1.23
