"Var1"
0.53
0.54
0.55
0.55
0.55
0.55
0.48
0.41
0.45
0.48
0.46
0.43
0.45
0.47
0.51
0.55
0.5
0.45
0.45
0.45
0.44
0.43
0.44
0.45
0.44
0.42
0.43
0.44
0.44
0.44
0.61
0.78
1.2
1.63
1.38
0.89
0.41
0.69
0.98
1.37
1.76
2.21
2.66
2.28
1.91
2.11
2.31
2.23
2.15
1.97
1.79
1.65
1.52
1.4
1.28
1.31
1.34
1.36
1.31
1.36
1.41
1.39
1.37
1.38
1.39
1.39
1.39
1.39
3.34
3.34
3.75
2.81
1.88
1.79
1.71
2.12
2.54
1.98
1.42
1.42
1.47
1.51
1.48
1.44
1.67
1.89
1.75
1.29
0.83
0.69
0.55
0.49
0.56
0.62
0.55
0.44
0.33
0.44
0.54
0.64
0.67
0.7
0.75
0.8
0.68
0.56
0.42
0.79
1.17
1.53
1.82
2.1
2.37
2.59
2.8
4.84
6.87
5.38
3.89
3.72
3.28
2.85
2.4
1.95
2.86
3.29
3.73
3.74
3.76
3.56
3.12
2.67
2.33
1.98
1.46
0.94
0.7
0.63
0.56
0.54
0.49
0.43
0.47
0.5
