"Var1"
0.3
0.3
0.29
0.26
0.25
0.25
0.22
0.21
0.25
0.29
0.27
0.28
0.29
0.26
0.22
0.24
0.26
0.29
0.28
0.27
0.26
0.24
0.24
0.24
0.25
0.28
0.31
0.28
0.25
0.24
0.24
0.25
0.25
0.22
0.2
0.26
0.32
0.26
0.2
0.5
0.79
1.04
1.29
1.35
1.42
0.83
0.24
0.23
0.23
0.27
0.3
0.29
0.29
0.31
0.26
0.2
0.24
0.28
0.31
0.3
0.28
0.29
0.28
0.26
0.24
0.23
0.26
0.3
0.28
0.27
0.28
0.3
0.26
0.22
0.24
0.28
0.32
0.35
0.3
0.25
0.27
0.29
0.29
0.27
0.36
0.45
0.88
1.31
1.36
1.41
1.38
1.13
0.87
0.62
0.36
0.79
1.21
0.99
0.77
0.76
0.73
0.98
1.24
1.86
2.48
2.65
2.82
2.82
4.96
4.96
5.01
5.07
4.81
4.02
3.23
2.86
2.5
2.71
2.92
2.46
2
1.91
1.82
1.93
1.89
1.84
1.84
1.83
2.72
3.61
4.02
4.44
3.58
2.73
1.75
0.76
0.61
0.45
0.42
0.38
0.43
0.38
0.34
0.26
