"Var1"
1.46
0.92
0.59
0.27
0.3
0.29
0.25
0.25
0.27
0.28
0.25
0.27
0.27
0.3
0.31
0.33
0.31
0.27
0.25
0.27
0.3
0.28
0.24
0.26
0.3
0.31
0.29
0.3
0.33
0.32
0.27
0.24
0.26
0.28
0.27
0.25
0.27
0.27
0.26
0.24
0.92
1.61
2.25
2.88
2.81
2.8
2.11
1.41
1.34
1.34
1.34
1.3
1.31
1.42
1.26
1.09
0.68
0.27
0.26
0.26
0.26
0.28
0.27
0.24
0.25
0.3
0.33
0.3
0.26
0.28
0.28
0.26
0.27
0.33
0.36
0.29
0.25
0.26
0.3
0.33
0.36
0.38
0.36
0.83
1.3
1.47
1.55
1.55
1.14
0.72
1.07
1.42
1.7
1.9
1.83
1.75
1.65
1.56
1.47
1.43
1.41
1.42
1.43
1.47
1.56
1.72
1.93
3.14
4.35
3.13
1.9
2.02
2.07
2.4
2.74
2.74
3.27
3.27
2.59
1.92
2
2.08
2.08
2.01
1.98
2.04
2.11
2.12
2.39
2.65
2.03
1.59
1.34
1.35
1.41
1.42
1.32
1.27
1.26
1.37
1.48
1.27
0.79
0.32
