"Var1"
1.27
0.97
0.6
0.23
0.31
0.36
0.36
0.35
0.32
0.31
0.3
0.3
0.31
0.31
0.29
0.29
0.3
0.31
0.33
0.35
0.37
0.35
0.33
0.31
0.32
0.3
0.29
0.27
0.3
0.28
0.26
0.26
0.78
1.3
1.34
1.21
1.09
0.77
0.45
1.12
1.79
2.6
3.4
2.93
2.47
2.76
2.99
3.22
3.06
2.66
2.23
1.81
1.38
1.36
1.33
1.32
1.35
1.37
1.37
1.37
1.33
1.3
1.08
0.86
0.55
0.25
0.26
0.27
0.27
0.26
0.29
0.35
0.34
0.29
0.29
0.28
0.29
0.27
0.24
0.25
0.26
0.27
0.23
0.21
0.3
0.39
0.27
0.29
0.32
0.27
0.22
0.24
0.29
0.27
0.25
0.25
0.29
0.35
0.35
0.32
0.29
0.28
0.26
0.34
0.41
0.68
0.98
1.28
2.42
2.55
2.67
2.46
2.42
2.37
2.35
2.34
2.18
2.29
2.39
2.33
2.26
2.25
2.24
2.25
2.34
2.43
2.43
1.39
1.39
1.37
1.35
1.33
1.34
1.36
1.38
1.45
1.52
1.25
0.98
0.91
0.82
0.77
0.73
0.39
