"Var1"
0.21
0.25
0.24
0.24
0.24
0.25
0.24
0.22
0.24
0.26
0.23
0.21
0.23
0.26
0.27
0.24
0.21
0.24
0.27
0.24
0.21
0.24
0.26
0.24
0.21
0.23
0.26
0.49
0.72
1
1.29
0.8
0.56
0.31
0.23
0.22
0.22
0.22
0.22
0.22
0.22
0.22
0.22
0.18
0.33
0.49
0.49
0.49
0.88
1.26
0.92
0.58
0.51
0.45
0.51
0.57
0.59
1.01
1.42
2.12
2.81
2.01
1.2
0.97
0.74
0.74
1.65
1.65
1.15
0.64
0.62
0.59
0.58
0.56
0.58
0.6
0.63
0.66
0.47
0.27
0.39
0.37
0.34
0.35
0.35
0.36
0.37
0.35
0.36
0.37
0.31
0.24
0.71
1.18
1.38
1.58
1.56
1.54
1.6
1.52
1.43
1.45
1.46
1.56
1.66
1.37
1.08
0.84
0.61
0.48
0.51
0.53
0.53
4.34
4.34
3.42
2.54
1.66
1.97
2.28
3.46
4.64
3.71
2.78
2.78
3.58
3.58
2.95
2.31
2.41
2.24
2.08
1.84
1.81
1.78
1.65
1.53
1.53
0.15
0.15
0.16
0.17
0.16
0.15
