"Var1"
1.21
1.13
1.14
1.16
1.15
1.14
1.14
1.17
1.17
1.36
0.99
0.63
0.53
0.43
0.33
0.22
0.22
0.32
0.32
0.34
0.36
0.85
1.35
1.37
1.11
0.84
0.59
0.33
0.28
0.24
0.24
0.24
0.26
0.28
0.28
0.28
0.3
0.33
0.25
0.27
0.28
0.28
0.31
0.31
0.3
0.3
0.29
0.29
0.29
0.34
0.34
0.77
1.19
0.76
0.32
0.29
0.25
1.13
2.01
2.01
2.08
2.08
1.74
1.39
1.38
1.37
1.41
1.46
1.47
1.48
1.41
1.35
1.47
1.59
1.28
0.97
0.97
3.4
3.4
2.54
2.16
1.78
1.71
1.64
4.51
7.38
5.62
3.86
3.86
3.25
3.25
3.24
3.23
3.23
2.33
2.33
2.33
2.59
2.59
1.64
0.69
0.66
0.62
0.56
0.5
0.58
0.85
1.13
1.32
1.5
1.25
0.99
0.31
1.47
2.62
3.14
3.65
3.34
3.02
3.49
3.95
3.5
3.04
2.59
2.38
2.16
2.2
2.23
2.13
2.02
1.89
1.77
1.79
1.74
1.69
1.13
0.57
0.48
0.39
0.36
0.32
0.32
0.33
0.34
