"Var1"
1.09
0.89
0.58
0.27
0.26
0.25
0.25
0.27
0.31
0.35
0.33
0.3
0.29
0.3
0.28
0.27
0.27
0.25
0.23
0.25
0.25
0.35
0.35
0.31
0.3
0.29
0.3
0.29
0.28
0.25
0.24
0.23
0.26
0.29
0.31
0.33
0.32
0.31
0.3
0.29
0.83
1.36
1.33
1.12
0.91
1.19
1.48
1.49
1.5
1.76
2.01
1.86
1.71
1.52
1.48
1.44
1.4
1.38
1.39
1.42
1.45
1.71
1.96
1.9
1.83
1.69
1.55
1.47
1.39
1.37
1.36
1.35
1.37
1.34
1.32
2.01
2.7
1.69
0.68
0.67
1.16
1.66
2.27
2.27
1.6
1.6
1.56
1.5
1.43
1.52
2.57
3.62
2.52
1.42
1.35
1.27
1.22
1.17
1.04
0.9
0.67
0.82
0.96
2.17
3.38
3.31
3.25
3.29
2.65
2
1.92
1.84
2.42
3.01
3.39
3.39
1.98
1.98
2.02
2.07
2.2
2.33
3.69
5.06
5
4.51
4.02
3.85
3.67
3.71
3.71
1.33
1.33
1.33
1.32
1.18
1.05
0.66
0.28
0.29
0.33
0.32
0.31
0.33
