"Var1"
0.32
0.28
0.32
0.35
0.33
0.29
0.26
0.27
0.3
0.29
0.26
0.26
0.29
0.32
0.31
0.31
0.31
0.31
0.27
0.26
0.28
0.3
0.29
0.26
0.26
0.31
0.35
0.27
0.26
0.28
0.3
0.27
0.27
0.28
0.3
0.3
0.31
0.34
0.38
0.38
2.52
2.52
2.4
2.29
2.18
2.08
2.04
1.99
1.82
1.56
1.33
1.33
1.32
1.29
1.3
1.3
1.32
1.32
1.32
1.32
1.32
1.32
1.33
1.34
1.33
1.32
1.31
1.34
1.35
1.38
1.42
1.41
1.4
1.34
1.32
1.33
1.35
1.36
1.35
1.34
1.39
1.35
1.31
1.31
1.05
0.8
0.51
0.23
0.29
0.31
0.31
0.3
0.32
0.34
0.31
0.26
0.26
0.31
0.29
0.26
0.24
0.24
0.28
0.32
0.7
1.07
1.4
1.73
1.68
1.62
1.94
2.25
2.39
3.1
3.82
3.69
3.57
3.26
2.95
3.36
3.76
4.57
4.57
3.29
3.29
3.24
3.28
3.33
2.62
1.91
1.81
1.7
1.63
1.55
1.5
1.2
0.9
0.62
0.34
0.26
0.26
0.3
0.31
0.27
