"Var1"
0.43
0.47
0.5
0.49
0.48
0.47
0.47
0.44
0.44
0.46
0.47
0.46
0.48
0.51
0.5
0.46
0.43
0.46
0.48
0.46
0.43
0.46
0.49
0.51
0.43
0.43
0.48
0.47
0.43
0.42
0.49
1.03
1.57
1.42
1.21
0.82
0.43
0.72
1.02
2.37
3.73
3.06
2.39
2.21
2.03
1.95
1.99
2.18
2.55
2.91
2.22
1.53
1.46
1.84
2.49
2.5
1.84
1.35
1.34
1.35
1.37
1.38
1.37
1.36
1.34
1.34
1.33
1.35
1.35
1.34
1.35
1.38
1.36
1.3
0.96
0.63
0.45
0.27
0.25
0.29
0.35
0.33
0.28
0.27
0.31
0.3
0.25
0.26
0.31
0.33
0.31
0.29
0.31
0.3
0.28
0.24
0.25
0.27
0.29
0.28
0.31
0.35
0.32
0.22
0.49
0.77
1.05
1.33
1.35
1.4
1.45
1.46
1.41
1.36
2.14
2.92
3.33
3.75
3.45
3.15
3.24
3.33
3.46
3.55
2.61
1.67
1.75
1.77
1.77
1.81
1.96
2.12
2.12
2.11
2.05
1.98
1.73
1.48
1.48
1.47
1.43
1.38
1.38
1.43
