"Var1"
0.57
0.42
0.28
0.29
0.26
0.22
0.21
0.21
0.19
0.18
0.19
0.2
0.18
0.18
0.2
0.24
0.25
0.26
0.27
0.26
0.21
0.19
0.2
0.21
0.2
0.2
0.22
0.2
0.18
0.19
0.26
0.26
0.24
0.21
0.22
0.23
0.16
0.13
0.16
0.2
0.15
0.13
0.69
1.26
0.99
0.67
0.36
0.27
1
1.72
1.04
0.36
0.45
0.55
0.55
0.43
0.32
0.33
0.35
0.55
1.42
2.3
1.4
0.5
0.4
0.33
0.29
1.28
2.27
2.22
2.17
2.87
3.57
3.57
1.52
1.52
1.52
1.43
1.43
1.43
1.43
1.44
1.48
1.48
1.39
1.39
3.97
3.97
3.98
3.99
2.63
1.26
1.39
1.52
1.52
1.42
1.42
1.59
1.24
0.9
0.8
0.7
0.7
0.71
0.66
0.59
0.52
0.53
0.52
0.75
0.98
1.58
3.17
4.76
3.44
3.3
3.16
2.77
2.19
1.61
1.59
1.58
1.6
2.19
2.77
2.96
3.15
2.85
2.54
2.46
2.41
1.99
1.57
1.32
1.06
1.21
1.36
1.48
1.54
1.53
1.46
1.47
1.49
1.47
