"Var1"
3.57
5.24
5.71
6.18
5.24
4.31
4.31
4.08
3.85
3.71
3.56
3.33
3.09
2.73
2.37
2.12
1.88
1.93
1.99
1.96
1.92
1.88
1.94
2.01
1.93
1.85
1.85
1.92
1.92
1.88
1.83
1.92
1.93
1.94
2.07
2.19
2.67
3.15
3.05
2.96
2.58
2.19
1.85
1.79
1.73
1.78
1.84
1.91
1.98
2.08
2.19
2.18
2.17
2.21
2.26
2.24
2.44
2.64
3.24
3.84
3.95
4.06
2.84
1.63
1.48
1.34
1.06
0.79
1.09
1.39
1.39
1.45
1.39
1.32
1.32
1.98
2.64
2.65
2.67
2.2
1.74
1.59
1.51
1.44
1.47
1.5
1.5
1.42
1.42
1.42
1.42
1.45
2.14
2.83
2.46
2.08
2.28
3.36
4.43
4.25
4.06
3.61
3.17
2.79
2.31
1.83
2
2.18
2.19
2.21
2.15
2.27
2.39
3.16
3.94
3.75
3.55
2.95
2.35
2.2
2.06
2.45
2.85
3.11
3.3
3.5
3.43
2.86
2.28
2.28
1.64
1.64
1.64
1.62
1.62
1.6
1.59
1.59
3.09
3.09
2.88
2.88
0.41
0.41
