"Var1"
0.7
0.66
0.63
0.49
0.36
0.37
0.33
0.29
0.31
0.33
0.36
0.38
0.38
0.34
0.25
0.97
0.97
1.43
1.03
0.64
0.5
0.36
0.35
0.33
0.32
0.3
0.29
0.27
0.24
0.28
0.33
0.33
0.24
0.32
0.36
0.35
0.31
0.32
0.31
0.31
0.67
1.03
0.84
0.65
1.16
1.66
1.96
2.35
2.73
2.62
2.5
2.35
2.2
1.78
1.36
1.32
1.29
1.4
1.51
1.44
1.36
1.42
1.4
1.39
1.3
1.43
1.56
1.59
1.61
2.66
3.72
4.73
5.75
4.91
4.06
3.85
3.18
2.5
2.15
1.8
1.75
1.7
1.81
1.92
1.88
1.84
1.78
1.72
1.82
1.93
3.08
4.23
3.92
3.61
3.49
3.38
3.06
2.74
2.2
1.65
1.5
1.36
1.37
1.37
1.38
1.75
2.11
2.28
2.45
2.65
2.85
3.13
3.42
3.44
3.46
3.44
3.43
2.45
1.48
1.48
1.4
1.33
0.92
0.51
0.96
1.54
2.12
2.37
2.62
2.62
3.23
3.23
3.11
2.99
2.2
1.4
0.88
0.37
0.34
0.35
0.35
0.29
0.3
0.3
