"Var1"
0.22
0.3
0.28
0.26
0.22
0.24
0.31
0.29
0.24
0.18
0.14
0.19
0.24
0.17
0.15
0.19
0.23
0.21
0.18
0.16
0.19
0.21
0.23
0.26
0.28
0.27
0.28
0.28
0.27
0.24
0.25
0.27
0.29
0.27
0.45
0.62
1.47
2.36
2.36
1.24
1.24
1.29
1.28
1.23
1.2
1.24
1.28
1.28
1.25
1.24
1.22
1.16
0.68
0.2
0.21
0.23
0.26
0.29
0.19
0.14
0.15
0.18
0.21
0.18
0.19
0.24
0.26
0.23
0.2
0.19
0.23
0.26
0.31
0.37
0.33
0.29
0.32
0.3
0.29
0.28
0.3
0.3
0.29
0.26
0.24
0.27
0.31
0.33
0.32
0.32
0.35
0.37
0.44
0.47
0.47
0.47
0.48
0.89
1.61
1.97
1.89
2.17
2.78
2.7
2.05
1.49
1.5
1.5
1.48
1.44
1.44
1.46
1.49
1.5
2.25
3
3.31
3.63
3.39
3.15
3.11
3.07
2.35
1.63
1.91
2.02
2.12
1.88
1.64
1.57
1.57
1.15
1.15
1.21
1.25
1.22
1.18
1.23
1.24
1.22
1.35
1.49
2.11
2.74
