"Var1"
0.44
0.41
0.39
0.37
0.41
0.36
0.32
0.32
0.38
0.38
0.34
0.29
0.3
0.3
0.27
0.25
0.2
0.28
0.36
0.3
0.25
0.27
0.3
0.28
0.27
0.21
0.61
1.01
1.15
1.28
1.28
0.31
0.31
0.28
0.32
0.36
0.36
0.31
0.26
0.26
0.26
0.29
0.29
0.29
0.63
0.97
1.12
1.12
1.66
1.66
1.41
1.4
1.38
1.37
1.35
1.35
1.31
1.28
1.28
1.41
1.41
1.42
1.44
1.46
1.49
1.71
1.94
2.39
2.83
2.64
2.47
2.29
1.84
1.39
0.93
0.47
0.27
0.38
0.48
0.64
0.81
0.78
0.76
1.47
2.17
2.17
0.42
0.42
0.98
1.54
1.48
1.74
2.01
1.77
1.53
1.02
0.5
0.51
0.52
0.51
0.5
0.46
0.43
0.45
0.48
1.46
2.43
3.27
4.1
3.03
1.97
1.74
1.87
1.99
1.95
2.16
2.36
2.66
2.95
2.41
1.87
1.77
1.68
2.05
2.43
2.59
3.27
3.95
2.62
1.3
1.21
1.24
1.27
1.32
1.85
2.39
1.89
1.39
1.39
1.52
1.65
1.37
1.04
0.72
