"Var1"
2.19
1.91
1.63
0.99
0.34
0.29
0.29
0.3
0.3
0.27
0.25
0.27
0.28
0.28
0.27
0.27
0.3
0.3
0.26
0.22
0.23
0.24
0.26
0.28
0.28
0.38
0.38
0.31
0.23
0.23
0.23
0.27
0.31
0.31
0.28
0.28
0.3
0.31
0.57
0.83
1.6
2.13
2.65
2.67
2.69
2.73
2.76
2.78
2.86
2.95
2.33
1.7
2.11
1.92
1.73
1.51
1.28
1.37
1.4
1.43
1.43
1.36
1.36
1.35
1.33
1.29
1.29
1.4
1.4
1.48
1.57
1.89
1.88
1.88
1.86
1.85
1.72
1.58
1.47
1.36
1.49
1.62
2.3
2.99
3.01
2.23
1.44
1.47
1.49
1.6
1.96
2.33
2.33
0.33
0.33
0.26
0.28
0.3
0.29
0.28
0.28
1.63
1.63
1.86
2.09
2.06
2.02
2.02
2.73
2.73
2.47
2.21
2.14
2.01
1.87
2.24
2.61
3.02
3.42
3.3
3.18
2.93
2.69
2.64
2.08
1.53
1.48
1.48
4.78
4.78
4.35
4.03
3.7
2.99
2.29
1.54
0.94
0.35
0.25
0.58
0.9
0.8
0.71
0.69
