"Var1"
1.51
1.35
1
0.64
0.44
0.24
0.29
0.34
0.29
0.25
0.29
0.33
0.34
0.34
0.34
0.35
0.31
0.26
0.29
0.31
0.29
0.27
0.29
0.3
0.3
0.3
0.33
0.36
0.36
0.36
0.31
0.26
0.26
0.34
0.25
0.25
0.36
0.37
0.26
0.37
0.37
0.36
0.35
0.34
0.33
0.31
0.29
0.3
0.32
0.31
0.31
0.31
0.3
0.31
0.32
0.34
0.37
0.42
0.4
0.38
0.39
0.73
1.07
1.21
1.36
1.55
2.2
2.85
1.7
0.55
0.55
0.55
0.48
0.42
0.42
0.41
0.39
1.36
2.34
3.71
5.08
3.99
2.9
3.23
3.55
2.51
2.51
1.59
1.59
2.68
3.76
4.05
4.35
3.84
3.34
2.65
1.96
2.18
2.4
2.33
2.26
2.27
2.27
2.27
2.27
2.34
2.74
3.15
4.42
5.7
5.2
4.7
4.5
4.23
3.96
3.67
3.05
2.43
2.47
2.52
2.52
4.05
4.05
4.03
4.01
3.66
3.3
4.48
5.66
5.08
4.11
3.15
2.79
2.44
2.08
1.72
1.74
1.7
1.66
1.45
1.42
1.39
1.42
1.46
