"Var1"
2.85
2.04
1.23
0.95
0.66
0.76
0.85
0.86
0.55
0.24
0.3
0.26
0.22
0.23
0.27
0.25
0.23
0.25
0.27
0.23
0.17
0.18
0.18
0.18
0.19
0.18
0.17
0.18
0.19
0.2
0.23
0.25
0.26
0.2
0.17
0.17
0.18
0.18
0.17
0.17
0.17
0.18
0.19
0.21
0.24
0.26
0.27
0.24
0.19
0.11
0.57
1.03
1.27
1.99
2.7
1.5
0.3
0.5
0.77
1.03
0.95
0.86
0.51
0.16
0.25
0.35
0.37
0.39
0.38
0.36
0.55
0.74
0.66
0.58
0.61
1.21
1.82
2.02
2.22
2.03
1.85
1.9
1.68
1.45
1.5
1.54
1.73
1.91
2.1
1.83
1.56
2.13
2.7
2.87
3.05
2.47
2.05
1.62
1.8
1.98
1.8
1.72
1.64
1.78
1.92
1.87
1.82
2.14
2.46
3.1
3.74
3.1
2.45
2.18
1.56
0.94
0.92
0.95
0.99
1.23
1.46
1.18
0.89
0.86
0.84
1.59
2.34
2.41
2.48
2.04
1.59
2.31
3.03
1.87
0.71
0.75
0.79
0.77
0.78
0.78
1.6
2.42
2.11
1.79
