"Var1"
0.41
0.6
0.8
1.17
1.26
1.35
1.34
1.33
0.94
0.56
0.56
0.29
0.29
0.29
0.3
0.31
0.3
0.3
0.25
0.25
0.25
0.25
0.35
0.3
0.3
0.29
0.27
0.28
0.27
0.26
0.26
0.27
0.33
0.3
0.29
0.3
0.3
0.28
0.26
0.25
0.23
0.28
0.33
0.84
1.34
1.66
1.97
2.34
2.71
2.77
2.84
2.76
2.75
2.74
2.19
1.64
1.51
1.37
1.46
1.56
1.43
1.3
2.71
4.12
3.74
3.36
3.45
3.45
3.07
3.07
3.15
2.64
2.12
2.04
1.7
1.36
1.05
0.73
0.65
0.56
1.14
1.73
1.85
1.98
2.79
3.61
3.5
3.39
3.39
1.41
1.41
1.41
1.46
1.46
1.45
1.51
1.58
1.81
2.04
2.48
2.92
2.64
3.07
3.5
3.88
4.74
5.6
6.17
4.87
3.57
3.42
3.53
3.64
3.64
3.26
2.88
2.88
2.88
2.88
4.2
4.2
3.8
3.4
3.24
3.08
3.06
2.89
2.72
2.72
1.83
1.83
2.08
2.08
1.66
1.66
1.6
1.39
1.18
1.32
1.46
1.69
1.91
2.06
2.21
