"Var1"
0.31
0.31
0.3
0.3
0.3
0.3
0.32
0.33
0.32
0.3
0.29
0.27
0.29
0.3
0.3
0.3
0.31
0.28
0.26
0.28
0.32
0.27
0.23
0.24
0.28
0.33
0.32
0.31
0.32
0.29
0.26
0.24
0.23
0.26
0.28
0.23
0.33
0.43
0.36
0.85
1.34
1.4
1.03
0.65
0.46
0.27
0.35
0.31
0.27
0.25
0.28
0.3
0.25
0.28
0.32
0.56
0.79
0.83
0.88
0.81
0.75
0.71
0.67
0.53
0.39
0.44
0.49
0.47
0.45
0.41
0.44
0.47
0.4
0.99
1.59
3.01
4.43
3.53
2.62
2.04
1.45
1.41
1.37
1.39
1.4
1.33
1.39
1.46
1.42
1.36
1.38
1.4
1.38
1.03
0.68
0.49
0.3
0.31
0.32
0.31
0.31
0.3
0.28
0.29
0.31
0.3
0.29
0.34
0.38
0.66
0.95
0.95
2.9
2.9
2.56
2.23
2.91
3.59
2.74
2.57
2.39
3.1
3.8
3.8
3.61
3.61
2.49
2.11
1.73
1.52
1.38
1.24
1.38
1.52
0.93
0.34
0.36
0.38
0.32
0.26
0.29
0.31
0.27
0.24
