"Var1"
1.36
1.36
0.26
0.26
0.25
0.23
0.2
0.21
0.21
0.17
0.14
0.16
0.19
0.17
0.14
0.16
0.19
0.18
0.16
0.19
0.25
0.26
0.22
0.21
0.21
0.18
0.15
0.16
0.17
0.18
0.15
0.16
0.17
0.18
0.17
0.22
0.27
0.87
1.46
1.87
2.29
2.26
2.23
2.09
1.95
2.03
1.72
1.41
1.3
1.22
1.19
1.2
1.23
1.24
1.26
1.27
1.27
1.23
1.2
1.19
1.21
1.22
0.69
0.15
0.18
0.17
0.14
0.15
0.2
0.23
0.22
0.22
0.26
0.24
0.17
0.15
0.19
0.19
0.15
0.14
0.18
0.19
0.16
0.13
0.17
0.18
0.18
0.19
0.21
0.22
0.23
0.17
0.16
0.18
0.19
0.13
0.15
0.2
0.19
0.14
0.14
0.18
0.19
0.18
0.2
0.25
0.27
0.23
0.2
0.19
0.18
0.16
0.46
1.5
2.9
3.36
3.4
3.86
4.45
3.61
2.78
3.21
3.64
3.18
2.68
2.39
2.1
2.16
2.21
2.76
3.31
2.62
2.3
1.98
3.12
1.72
0.31
0.3
0.33
0.35
0.33
0.29
0.3
0.35
