"Var1"
3.06
2.88
3.29
3.7
3.7
1.66
1.66
1.66
1.63
1.63
1.63
0.65
0.65
0.5
0.97
1.45
0.93
0.41
0.45
0.5
0.44
0.37
0.4
0.43
0.94
1.44
1.6
1.33
1.06
0.77
0.47
0.47
0.35
0.43
0.43
0.4
0.37
0.42
0.48
0.43
0.39
0.37
0.36
0.4
0.43
0.35
0.45
0.54
0.45
0.35
0.36
0.44
0.53
0.6
0.67
0.69
1.03
1.36
1.08
0.8
1.08
1.36
1.5
1.64
1.74
1.84
1.9
1.97
1.92
1.55
1.18
0.84
1.09
1.34
1.63
1.92
1.82
1.5
1.18
0.92
0.64
0.35
0.36
0.36
0.31
0.32
0.34
0.34
0.33
0.33
0.32
0.9
1.47
1.46
1.46
1.24
1.02
0.91
0.77
0.64
0.8
0.97
0.99
1.17
1.36
1.72
2.09
1.63
1.16
1.13
1.38
1.62
2.89
3.88
4.86
4.82
4.78
3.51
2.24
3.67
5.1
4.42
3.75
3.01
2.28
2.4
2.51
2.35
2.18
1.77
1.35
1.29
1.18
1.06
0.78
0.49
0.42
0.35
0.38
0.41
0.41
0.34
0.35
0.35
