"Var1"
0.33
0.34
0.36
0.31
0.27
0.28
0.29
0.27
0.24
0.27
0.31
0.31
0.33
0.35
0.35
0.26
0.3
0.3
0.26
0.22
0.27
0.32
0.28
0.25
0.24
0.23
0.27
0.3
0.27
0.25
0.3
0.36
0.29
0.23
0.3
0.44
0.58
0.97
1.35
1.17
0.98
0.65
0.32
0.31
0.29
0.29
2.26
2.26
2.3
2.34
2.41
2.48
2.62
2.84
3.05
2.71
2.36
2.32
2.27
2.5
2.73
2.15
1.57
1.54
1.5
1.54
1.57
1.6
1.64
1.64
1.57
1.55
1.55
1.79
2.03
2.02
2.02
1.96
1.91
1.77
1.64
1.55
1.47
1.42
1.38
1.21
1.04
0.96
0.89
0.98
0.93
0.87
0.9
0.85
0.8
0.82
0.84
0.86
0.87
0.98
1.1
1.13
1.16
1.16
3.45
3.45
3.45
5.29
5.29
4.46
3.93
3.41
3.55
3.69
4.09
4.26
4.43
4.12
3.89
3.67
3.67
3.55
3.55
3.5
3.46
3.41
3.47
3.53
3.49
3.44
3.32
3.19
3.14
3.08
3.09
3.1
3.09
3.09
2.92
2.75
2.99
3.23
4.02
4.81
