"Var1"
1.31
1.05
0.8
0.75
0.71
0.7
0.69
0.71
0.72
0.74
0.75
0.7
0.66
0.68
0.7
0.64
0.69
0.74
0.7
0.65
0.68
0.7
0.7
0.7
0.7
0.75
0.75
0.72
0.69
0.64
0.67
0.69
0.74
1.09
1.43
0.96
0.49
0.41
0.34
0.34
0.34
0.23
0.23
0.26
0.29
0.23
0.95
1.66
2.23
2.81
2.93
3.05
2.51
1.97
1.69
1.41
1.49
1.57
1.57
1.52
1.47
1.45
1.43
1.5
1.56
1.63
1.7
1.43
1.45
1.46
1.54
1.62
1.48
1.35
0.94
0.54
0.54
0.55
0.55
0.68
0.81
0.81
0.83
0.85
1.15
1.44
1.45
1.46
1.62
1.79
2.33
2.88
2.72
2.13
1.55
0.93
0.31
0.37
0.43
0.97
1.5
1.05
0.6
2.74
4.88
4.03
3.18
3.09
3
3.07
3.14
3.15
3.15
3.25
4.55
5.85
6.56
7.27
6.48
5.69
4.6
3.52
3.49
3.19
2.89
2.89
2.95
2.95
2.32
2
1.68
1.8
1.75
1.71
1.7
1.69
1.64
1.6
1.64
1.69
1.74
1.79
1.6
1.41
