"Var1"
1.36
1.36
1.36
1.39
1.43
1.1
0.76
0.56
0.36
0.29
0.21
0.31
0.27
0.24
0.26
0.3
0.34
0.34
0.25
0.27
0.27
0.29
0.29
0.28
0.28
0.3
0.31
0.26
0.22
0.22
0.3
0.22
0.34
0.34
0.34
0.3
0.27
0.33
0.33
0.84
1.35
1.24
1.12
1.65
2.19
2.47
2.75
3.02
2.82
2.62
2.17
1.73
1.48
1.44
1.41
1.34
1.27
1.3
1.34
1.32
1.3
1.31
1.32
1.32
1.32
1.35
1.34
1.34
1.31
1.28
0.92
0.57
0.42
0.26
0.28
0.29
0.29
0.29
0.27
0.28
0.29
0.28
0.26
0.36
0.45
0.48
0.52
0.5
0.48
0.5
0.53
0.47
0.42
0.47
0.52
0.52
0.52
0.53
0.42
0.3
0.29
0.28
0.26
0.25
0.24
0.23
0.27
0.31
1.21
2.11
1.27
0.44
0.45
0.84
1.24
2.36
3.08
3.8
3.64
3.48
2.6
1.72
1.6
1.81
2.02
2.43
2.84
3.36
2.45
1.55
3.07
1.89
0.72
0.57
0.42
0.99
1.56
1.56
1.35
1.35
0.88
0.4
0.32
0.23
