"Var1"
1.41
1.14
0.87
0.59
0.32
0.34
0.32
0.3
0.31
0.31
0.29
0.3
0.31
0.3
0.29
0.3
0.31
0.29
0.28
0.27
0.33
0.33
0.35
0.35
0.32
0.29
0.28
0.26
0.28
0.3
0.27
0.23
0.26
0.3
0.27
0.24
0.33
0.43
0.78
1.14
3.14
2.56
1.97
2.07
2.16
2.35
2.54
2.32
2.11
1.73
1.36
1.39
1.41
1.43
1.39
1.34
1.37
1.41
1.62
1.83
1.83
1.79
1.79
1.72
1.54
1.37
1.36
1.36
1.43
1.43
1.21
0.99
0.69
0.39
0.47
0.68
0.88
1.05
1.27
1.49
1.45
1.41
1.41
1.39
1.39
1.4
0.84
0.28
0.29
0.28
0.28
0.32
0.37
0.34
0.31
0.32
0.33
0.36
0.4
0.35
0.31
0.31
0.32
0.43
0.54
0.58
0.61
1.13
1.64
1.85
2.07
2.37
2.66
2.65
2.64
2.28
1.92
2.07
1.91
1.75
1.58
1.5
1.42
1.17
0.92
0.75
0.58
0.59
0.58
0.56
0.56
0.55
0.55
0.94
1.33
2.66
3.99
3.43
2.87
3.19
3.51
3.53
3.56
3.67
