"Var1"
0.32
0.45
0.44
0.43
0.41
0.38
0.36
0.33
0.31
0.28
0.73
1.18
1.33
1.48
1.48
0.32
0.32
0.34
0.35
0.35
0.25
0.33
0.33
0.37
0.4
0.33
0.25
0.26
0.29
0.32
0.28
0.24
0.28
0.35
0.42
0.32
0.32
0.32
0.3
0.29
0.28
0.28
0.3
0.36
0.42
0.38
0.61
0.85
0.62
0.4
0.37
0.34
0.27
0.52
0.77
1.46
1.49
1.52
1.43
1.34
1.33
1.32
1.25
1.29
1.33
1.33
1.33
1.31
1.31
1.31
1.3
1.3
1.3
1.3
1.37
1.37
1.36
1.36
1.37
1.39
1.42
1.39
1.96
2.54
1.78
1.03
1.09
1.14
0.9
0.66
0.59
0.52
1.55
2.57
1.53
0.5
1.12
1.74
1.13
0.52
0.56
0.59
0.74
0.88
1.09
1.29
1.4
2.27
3.15
3.08
2.92
2.76
2.65
2.55
2.67
2.8
2.7
2.77
2.84
2.26
2.11
1.95
2.06
2.16
2.58
3.01
2.91
2.49
2.06
2.64
3.21
2.31
1.41
1.3
1.2
0.79
0.38
1.49
2.59
1.41
0.24
0.29
0.34
0.4
