"Var1"
2.37
2.37
2.37
1.9
1.43
1.43
1.44
1.44
1.42
2.24
3.06
2.5
1.95
1.8
1.66
1.69
1.67
1.62
1.56
1.53
1.5
1.09
0.67
0.5
0.33
0.28
0.27
0.31
0.31
0.27
0.26
0.28
0.32
0.33
0.33
0.34
0.38
0.35
0.28
0.26
0.3
0.31
0.27
0.24
0.24
0.98
1.72
2.63
2.82
3.01
2.48
2.12
1.77
1.69
1.62
1.65
1.67
1.68
1.7
1.74
1.78
1.87
1.94
1.96
1.91
1.89
1.91
1.93
1.9
1.82
1.71
1.61
1.51
1.51
1.52
1.33
1.15
1.27
1.4
1.39
1.38
1.39
1.4
1.4
1.4
1.47
1.54
1.54
1.51
1.5
1.49
1.5
1.51
1.49
1.43
1.43
0.33
0.33
0.27
0.3
0.37
0.45
2.27
4.1
4.21
4.32
3.54
2.77
2.65
2.91
3.18
3.21
3.89
4.58
4.23
3.88
3.58
3.29
2.73
2.18
2.11
2.04
2.09
2.14
2.17
2.56
2.95
3.16
3.43
3.7
5.05
6.41
6.32
6.15
5.97
4.15
2.33
2.12
1.97
1.91
2.35
2.79
2.79
2.79
