"Var1"
0.25
0.26
0.29
0.32
0.28
0.24
0.29
0.33
0.32
0.33
0.74
1.15
1.25
1.35
0.87
0.38
0.33
0.33
0.31
0.31
0.29
0.28
0.27
0.26
0.34
0.41
0.41
0.3
0.3
0.29
0.28
0.25
0.25
0.35
0.34
0.25
0.25
0.3
0.29
0.29
0.32
0.35
0.72
1.1
1.06
1.02
1.11
1.21
1.09
1.24
1.39
1.47
1.49
1.5
1.57
1.64
1.4
1.16
0.95
1.29
1.62
1.92
2.23
2.44
2.64
2.25
1.85
1.66
1.48
1.35
1.23
1.01
0.8
0.81
0.82
1.36
1.9
1.78
1.66
1.86
1.8
1.75
1.73
1.72
1.76
1.8
1.8
2.02
2.27
2.27
2.66
3.05
3.2
3.11
3.02
2.73
2.44
1.88
1.32
1.65
1.98
1.96
1.95
2.24
2.53
2.56
2.54
2.53
2.37
2.21
2.75
3.27
3.8
4.47
5.15
5.01
5.01
5.45
5.45
5.06
4.68
4.68
3.32
3.32
2.71
2.39
2.06
2.03
1.99
2.53
3.07
3.07
4.84
4.84
3.87
2.77
1.67
1.67
1.67
1.67
2.24
2.24
1.46
0.68
