"Var1"
0.15
0.23
0.19
0.16
0.14
0.18
0.23
0.23
0.73
1.24
0.93
0.63
0.39
0.14
0.21
0.27
0.22
0.18
0.17
0.18
0.19
0.19
0.17
0.15
0.14
0.13
0.14
0.14
0.14
0.19
0.16
0.13
0.11
0.15
0.19
0.19
0.2
0.18
0.18
0.18
0.17
0.17
0.18
0.72
1.27
0.79
0.31
0.63
0.95
1.14
1.32
1.24
1.75
2.27
1.8
1.34
1.31
1.31
1.34
2.36
3.39
2.34
1.3
0.73
0.16
0.17
0.18
0.19
0.21
0.2
0.2
0.16
0.13
0.11
0.15
0.19
0.19
0.2
0.19
0.18
0.18
0.17
0.2
0.23
0.22
0.18
0.15
0.16
0.17
0.13
0.13
0.19
0.19
0.16
0.14
0.11
0.15
0.2
0.19
0.19
0.18
0.18
0.18
0.18
0.19
0.2
0.25
0.2
0.16
1.57
2.98
3.7
3.73
3.76
3.9
3.78
3.66
3.2
2.73
2.33
1.92
2.05
2.18
2.24
2.1
1.96
1.71
1.46
1.4
1.36
1.39
1.42
1.36
1.35
1.33
2.38
2.61
2.83
2.23
1.64
1.16
0.67
0.48
0.29
