"Var1"
0.32
0.32
0.32
0.28
0.25
0.32
0.39
0.31
0.22
0.29
0.35
0.81
1.26
1.4
1.19
0.98
0.6
0.23
0.29
0.34
0.29
0.23
0.29
0.27
0.24
0.29
0.33
0.33
0.32
0.32
0.32
0.32
0.28
0.24
0.27
0.3
0.3
0.29
0.32
0.34
0.45
1.35
2.25
2.14
2.03
2.02
2.02
1.8
1.58
1.59
1.47
1.34
1.35
1.34
1.33
1.35
1.36
1.36
1.3
1.3
1.37
1.44
1.4
1.37
1.42
1.48
1.26
1.03
0.8
0.57
0.47
0.37
0.37
0.37
0.87
1.36
0.89
0.42
0.37
0.36
0.34
0.34
0.44
0.44
0.44
0.36
0.36
0.36
0.36
0.35
0.91
1.47
1.4
1.34
1.82
2.3
2.09
1.87
1.82
1.77
1.74
1.7
1.72
1.74
1.73
1.71
2.65
3.59
3.76
3.92
3.62
3.31
2.94
2.58
2.41
2.24
1.9
3.33
4.77
4.47
4.91
5.35
4.03
4.03
2.32
2.32
2.78
3.24
2.95
2.66
2.14
1.62
1.95
2.27
3.36
4.46
3.46
2.46
2.39
2.29
2.18
1.98
3.23
4.49
