"Var1"
0.84
2.78
3.96
5.14
3.93
2.71
3.08
3.45
2.87
2.3
2.38
2.43
2.42
2.4
2.39
2.39
2.38
2.37
2.38
2.38
2.35
2.34
2.35
2.35
2.37
2.38
2.39
2.35
2.31
2.32
2.33
2.34
2.36
2.34
2.34
2.35
2.34
2.32
2.32
2.34
2.37
2.41
2.38
2.36
2.33
2.31
2.29
2.31
2.31
2.31
2.29
2.45
2.61
3.01
3.41
3.41
2.02
2.02
2.27
2.13
1.98
1.9
1.86
1.87
1.9
1.9
1.88
1.86
1.93
1.99
1.95
2.6
3.25
3.9
4.56
4.06
3.65
3.25
2.72
3.59
4.47
5.66
4.47
3.28
2.52
1.76
1.76
1.48
1.48
1.16
0.84
0.63
0.41
0.69
1.04
1.39
2.29
3.19
3.37
3.56
3.7
3.85
3.85
2.08
2.08
2.16
2.37
2.59
2.63
2.68
2.68
2.69
2.56
2.44
2.49
2.52
2.69
2.85
2.91
2.97
2.34
1.7
1.51
1.32
1.14
1.09
1.04
0.72
0.41
0.36
0.35
0.37
0.38
0.38
0.36
0.39
0.44
0.48
0.39
0.39
0.4
0.44
0.81
1.18
