"Var1"
1.57
1.47
1.61
1.74
2.1
2.45
2.38
2
1.62
1.54
1.42
1.3
1.48
1.67
1.59
1.52
1.65
1.63
1.62
1.38
1.28
1.18
1.42
1.68
1.63
1.58
1.66
1.69
1.73
1.5
1.27
1.28
1.38
1.48
1.49
1.43
1.36
1.33
1.29
1.29
1.39
1.48
1.88
2.28
3.43
4.58
4.58
4.35
4.35
3.91
3.46
3.46
3.4
3.33
3.2
3.23
3.26
3.49
3.36
3.24
2.9
2.74
2.58
2.76
2.95
2.12
1.29
1.45
1.61
1.62
1.62
1.81
2
2.27
3.14
4.01
3.07
2.25
1.42
1.48
1.51
1.57
1.63
1.76
1.89
1.69
1.5
1.51
1.49
2.15
2.8
2.8
2.35
2.35
2.53
2.7
2.69
2.7
2.71
2.71
2.71
2.63
2.17
1.71
1.62
1.54
1.8
2.06
2.17
2.14
2.11
2.23
2.35
2.35
2.19
2.19
1.99
1.78
1.69
2.13
2.56
2.86
3.17
3.26
3.26
1.69
1.69
1.72
1.68
1.56
1.39
1.22
1.08
0.98
0.88
0.93
0.87
0.82
0.81
0.94
1.07
1.22
1.37
1.38
