"Var1"
0.71
0.49
0.27
0.31
0.36
0.43
0.42
0.4
0.31
0.27
0.22
0.24
0.26
0.27
0.3
0.34
0.3
0.25
0.28
0.27
0.25
0.25
0.27
0.25
0.23
0.23
0.71
1.2
1.26
1.31
1.12
0.68
0.25
0.27
0.29
0.24
0.23
0.3
0.38
0.29
1.42
2.55
2.58
2.38
2.19
2.43
2.68
2.23
1.78
2.2
2.61
1.51
0.41
0.36
0.3
0.41
0.75
1.09
0.77
0.44
0.46
0.48
0.42
0.35
0.37
0.39
0.47
0.52
0.56
0.71
0.85
0.77
1.51
2.25
2.03
1.81
2.39
1.59
0.79
0.84
0.88
0.91
1.1
1.29
1.59
1.88
1.89
1.94
1.98
2.02
1.69
1.37
0.98
0.59
0.47
0.35
0.8
1.24
1.69
1.85
1.91
1.97
1.98
2
2.03
2.99
3.96
3.59
3.22
3.1
3.11
3.12
2.98
2.81
2.54
2.27
1.87
1.69
1.51
1.56
1.61
1.52
1.43
1.42
1.41
1.48
1.54
1.48
1.41
1.38
1.35
1.04
0.73
0.68
0.63
0.98
1.33
1.03
0.73
0.45
0.38
0.3
0.28
0.27
