"Var1"
0.54
0.44
0.49
0.54
0.5
0.46
0.44
0.46
0.49
0.48
0.43
0.44
0.52
0.47
0.43
0.44
0.49
0.45
0.42
0.42
0.46
0.5
0.5
0.47
0.47
0.49
0.48
0.43
0.42
0.47
0.52
0.5
0.48
0.5
0.67
0.84
1.2
1.55
1.67
1.77
1.85
2.43
3
2.46
1.93
2.07
2.21
2.18
2.2
2.21
2.22
2.96
3.71
4
2.84
1.68
1.76
2.18
2.6
2.24
1.87
1.79
1.74
1.69
1.64
1.61
1.61
1.63
1.59
1.55
1.5
1.49
1.5
1.5
1.5
1.53
1.56
1.54
1.5
1.49
1.52
1.52
1.5
1.52
1.58
1.6
1.61
1.54
1.47
1.42
1.37
1.34
1.07
0.7
0.38
0.3
0.26
0.28
0.31
0.3
0.23
0.68
1.13
1.49
1.63
1.76
2.04
1.87
1.69
1.74
1.8
1.85
1.91
1.85
1.8
1.92
2.04
2.54
3.03
3.89
4.74
5.02
5.29
4.63
3.98
3.59
3.2
3.02
2.84
2.71
2.58
3.13
3.69
4.21
4.74
3.79
2.83
3.2
3.61
2.99
2.38
2.38
3.36
3.36
