"Var1"
0.19
0.2
0.17
0.19
0.24
0.27
0.22
0.19
0.18
0.49
0.92
1.24
0.86
0.49
0.39
0.29
0.24
0.21
0.2
0.19
0.16
0.16
0.2
0.19
0.14
0.12
0.19
0.25
0.18
0.17
0.17
0.17
0.14
0.18
0.19
0.16
0.17
0.24
0.26
0.2
0.17
0.41
0.64
0.5
0.36
0.35
0.35
1.46
1.46
1.93
1.59
1.25
1.29
1.27
1.17
1.07
0.59
0.11
0.17
0.25
0.26
0.2
0.17
0.17
0.16
0.16
0.18
0.16
0.49
0.82
0.6
0.39
0.31
0.56
0.81
1.1
1.38
1.35
1.37
1.14
0.9
0.65
0.4
0.28
0.17
0.14
0.18
0.19
0.17
0.17
0.18
0.21
0.24
0.26
0.2
0.17
0.19
0.2
0.16
0.15
0.2
0.21
0.19
0.22
0.26
0.23
0.18
0.17
0.22
0.26
0.29
2.31
4.33
3.41
2.5
2.83
2.48
2.12
2.4
2.69
1.7
0.72
1.18
1.65
1.65
1.89
1.89
2.12
2.35
1.83
1.31
2.41
3.51
3.51
2.91
2.91
2.96
3.02
2.13
1.31
0.49
0.38
0.33
0.34
