"Var1"
0.12
0.16
0.21
0.26
0.24
0.19
0.15
0.16
0.17
0.19
0.19
0.2
0.21
0.21
0.2
0.2
0.19
0.16
0.14
0.15
0.19
0.23
0.23
0.2
0.18
0.19
0.22
0.19
0.14
0.12
0.16
0.24
0.22
0.2
0.14
0.18
0.22
0.19
0.16
0.12
0.1
1.38
2.66
2.02
1.38
1.37
1.38
1.39
1.4
1.29
1.22
1.26
1.3
1.31
1.28
1.23
1.19
1.2
1.24
1.26
1.23
0.89
0.54
0.4
0.26
0.22
0.16
0.13
0.15
0.22
0.2
0.17
0.19
0.2
0.23
0.24
0.21
0.15
0.12
0.17
0.23
0.25
0.23
0.19
0.2
0.22
0.21
0.19
0.14
0.13
0.18
0.29
0.25
0.2
0.14
0.16
0.22
0.22
0.19
0.14
0.14
0.19
0.26
0.34
0.23
0.11
0.11
0.11
1.36
1.36
1.36
1.36
1.36
4.01
4.01
3.76
3.36
2.95
2.94
2.93
4.38
3.38
2.39
1.65
1.44
1.23
1.2
1.16
1.02
0.88
0.88
1.02
1.16
1.19
1.21
1.4
1.59
1.48
1.38
3.53
5.68
4.39
3.1
2.98
