"Var1"
0.28
0.34
0.39
0.4
0.36
0.33
0.28
0.22
0.24
0.26
0.26
0.25
0.3
0.86
1.41
1.2
0.98
0.64
0.3
0.3
0.31
0.33
0.33
0.31
0.28
0.25
0.25
0.27
0.29
0.27
0.26
0.29
0.33
0.28
0.22
0.3
0.26
0.23
0.25
0.28
0.28
2.36
2.36
2.16
1.97
1.93
2
2.07
1.74
1.56
1.37
1.41
1.4
1.39
1.4
1.41
1.42
1.43
1.46
1.48
1.44
1.38
1.35
1.33
1.27
1.2
0.72
0.25
0.34
0.35
0.35
0.39
0.43
0.46
0.49
0.47
0.45
0.53
1.65
2.78
1.63
0.49
0.56
0.53
0.49
1.19
1.89
1.17
0.46
0.43
0.4
0.4
0.4
0.34
0.33
0.33
0.32
0.34
0.37
0.39
0.39
3.3
3.3
3.13
2.95
2.95
1.64
1.64
1.57
1.75
1.93
2.71
3.49
4.68
5.87
5.47
5.07
4.62
4.62
1.8
1.8
1.9
2.15
2.41
3.47
4.54
3.46
2.38
2.81
3.24
2.53
1.82
1.71
1.58
1.31
1.03
1.03
1.46
1.46
1.44
1.42
0.87
0.32
0.23
