"Var1"
1.34
1.48
1.12
0.76
0.55
0.34
0.32
0.27
0.23
0.27
0.32
0.31
0.31
0.31
0.31
0.25
0.27
0.3
0.29
0.28
0.27
0.27
0.3
0.33
0.28
0.23
0.25
0.27
0.28
0.32
0.36
0.33
0.33
0.33
0.28
0.27
0.26
0.28
0.29
0.31
0.29
0.27
0.27
0.4
0.4
0.58
0.75
1.23
1.5
1.77
1.73
1.91
2.09
1.8
1.5
1.46
1.42
1.38
1.35
1.34
1.33
1.33
1.33
1.34
1.36
1.62
1.87
1.78
1.69
1.74
1.79
1.75
1.72
1.79
1.8
1.81
1.84
1.91
1.99
2.14
1.89
1.64
1.61
1.68
1.76
1.87
2.65
3.43
4.12
4.82
3.35
1.89
1.89
1.85
1.85
2.43
3.01
2.44
1.87
1.78
1.69
1.73
1.76
1.81
1.86
1.79
1.74
1.74
5.38
5.38
5.64
4.82
3.99
3.77
3.55
3.96
4.37
4.56
4.76
4.48
4.19
4.04
3.62
3.2
2.85
2.5
2.25
2.01
2.37
2.72
3.75
4.78
3.93
3.08
2.51
1.95
1.98
2.18
2.38
2.25
2.12
3.5
4.87
3.59
