"Var1"
0.27
0.26
0.27
0.28
0.26
0.23
0.42
0.62
0.6
0.59
0.59
0.6
0.6
0.58
0.56
0.55
0.54
0.42
0.29
0.26
0.27
0.28
0.28
0.32
0.32
0.92
1.53
1.53
0.29
0.29
0.26
0.25
0.23
0.25
0.27
0.3
0.26
0.23
0.55
0.88
0.69
0.51
0.52
0.53
0.62
0.71
1.24
1.78
2.79
2.79
1.7
1.7
1.84
1.85
1.87
1.71
1.54
1.65
1.76
1.75
1.76
1.78
1.75
1.82
1.89
1.8
1.6
1.4
1.36
1.36
1.37
1.41
1.46
2.28
3.09
3.09
1.86
1.86
1.81
1.75
1.79
1.76
1.73
1.63
4.34
7.05
5.46
3.87
3.6
3.32
2.43
1.53
1.53
2.01
2.01
1.74
1.47
1.47
1.4
1.4
1.39
1.38
1.39
1.39
1.39
1.38
1.36
1.38
1.4
1.42
1.67
1.93
2.05
2.17
2.18
2.2
2.21
2.62
3.04
3.65
4.26
4.35
4.45
5.09
5.7
6.32
6.4
4.61
2.83
3.01
3.01
3.84
3.84
4.53
5.21
5.21
2.46
2.46
1.84
1.21
0.93
1.34
1.76
3.1
