"Var1"
0.29
0.34
0.38
0.37
0.32
0.31
0.31
0.3
0.26
0.28
0.3
0.28
0.26
0.29
0.3
0.29
0.27
0.69
1.11
1.2
1.29
0.94
0.59
0.4
0.22
0.29
0.3
0.26
0.27
0.31
0.35
0.34
0.32
0.31
0.29
0.26
0.27
0.28
0.29
0.27
0.28
0.28
0.29
0.28
0.33
0.41
0.48
0.54
0.46
0.38
0.91
1.44
1.65
1.86
2.78
3.7
2.61
1.51
2.14
2.77
2.14
1.51
2.73
3.94
3.83
3.72
3.35
2.98
2.39
1.79
1.78
1.82
1.87
1.85
1.82
1.82
1.82
1.8
1.76
1.75
1.78
1.76
1.69
2.3
2.92
2.26
1.6
1.59
1.57
1.88
2.18
2.19
2.2
2.2
4.38
4.38
3.87
3.3
3.3
0.67
0.67
1.58
2.34
3.09
3
2.52
2.03
1.65
1.27
0.9
0.53
0.79
1.05
1.05
2.99
2.99
2.9
2.81
3.02
3.23
2.82
2.41
1.95
1.49
1.81
2.13
2.47
3.04
3.61
3.88
4.15
3.4
2.65
2.7
2.7
3.45
4.2
3.79
3.39
3.43
3.43
2.39
2.39
2.38
