"Var1"
1.61
1.54
1.55
1.56
1.55
1.54
1.54
1.53
0.99
0.46
0.48
0.51
0.48
0.46
0.52
0.58
0.56
0.53
0.54
0.55
0.5
0.45
0.45
0.46
0.45
0.44
0.44
0.45
0.45
0.45
0.45
0.45
0.46
0.47
0.45
1.98
3.52
3.14
2.77
3.84
4.91
3.42
1.94
2.34
2.74
2.61
2.48
1.27
0.79
0.31
0.31
0.32
0.35
0.34
0.33
0.33
0.34
0.35
0.36
0.39
0.42
0.38
0.34
0.34
0.35
0.3
0.26
0.8
1.34
1.3
1.34
1.38
0.83
0.29
0.32
0.34
0.33
0.33
0.34
0.35
0.36
0.36
0.39
0.39
0.39
0.35
0.31
0.32
0.33
0.3
0.27
0.3
0.34
0.27
0.32
0.38
0.38
0.33
0.27
0.3
0.33
0.35
0.36
0.37
0.37
0.39
0.41
0.41
0.42
0.55
0.69
1.58
2.47
2.93
3.4
3.43
3.47
2.89
2.31
3.55
4.79
3.59
2.39
2.39
2.37
2.37
2.38
2.49
2.59
2.63
2.75
2.87
2.66
2.44
2.12
1.93
1.73
1.71
1.69
1.75
1.81
1.75
1.84
1.93
