"Var1"
1.62
1.44
1.24
1.05
1.15
1.24
1.34
1.2
1.07
1.53
1.99
2.13
2.27
2.29
1.77
1.25
1.19
1.12
1.24
1.36
1.16
1.22
1.27
1.35
1.31
1.26
1.22
1.18
1.15
1.16
1.17
1.18
1.19
1.24
1.25
1.4
1.54
1.81
2.09
1.7
1.32
1.3
1.16
1.03
1.03
1.07
1.11
1.19
1.26
1.37
1.48
1.92
2.36
2.41
2.47
2.34
1.86
1.38
1.74
2.09
2.2
2.25
2.24
2.13
2.01
1.87
1.78
1.69
2.38
3.08
3.07
3.06
3.14
3.21
3.1
2.99
2.33
1.68
1.59
2.01
2.42
2.42
4.11
4.11
3.65
2.66
1.68
1.64
1.56
1.48
1.95
2.41
2.27
1.53
0.8
0.85
1.29
1.73
1.53
1.39
1.21
1.03
0.82
0.61
2.68
4.75
4.18
3.62
3.6
3.58
3.26
2.93
3.04
3.96
4.89
4.8
5.41
6.03
5.29
4.54
3.71
5.01
6.32
7.3
7.28
7.26
6.83
6.41
5.71
5.58
5.45
4.8
4.15
4.15
1.43
1.43
1.4
1.34
1.29
0.89
0.5
0.38
0.3
0.21
