"Var1"
0.23
0.29
0.32
0.26
0.27
0.33
0.34
0.3
0.26
0.26
0.29
0.3
0.3
0.3
0.31
0.3
0.3
0.28
0.25
0.27
0.33
0.32
0.3
0.25
0.27
0.31
0.3
0.26
0.27
0.35
0.34
0.27
0.23
0.23
0.28
0.32
0.3
0.29
0.32
0.3
0.28
0.22
0.6
0.98
1.25
1.51
2.11
2.71
2.53
2.34
2.37
2.4
2.07
1.74
1.6
1.46
1.4
1.37
1.35
1.35
1.34
1.36
1.35
1.35
1.32
1.15
0.98
0.69
0.41
0.3
0.27
0.3
0.3
0.28
0.24
0.23
0.3
0.38
0.32
0.27
0.36
0.44
1.32
1.95
1.2
0.44
0.41
0.36
0.35
0.36
1.52
2.69
1.58
0.47
0.49
0.55
0.57
0.59
0.6
0.61
0.62
0.64
0.55
1.11
1.68
1.68
1.77
1.77
1.52
1.28
0.91
0.54
1.7
2.86
2.96
4.13
5.3
5.44
5.72
6
6.19
6.38
5.71
5.03
3.96
2.9
2.43
1.96
2.09
2.22
2.65
3.08
2.85
2.61
2.67
2.67
2.62
2.35
2.09
1.77
1.46
1.24
1.28
1.32
