"Var1"
0.39
0.42
0.4
0.38
0.82
1.26
0.78
0.3
0.54
0.92
1.29
1.04
0.68
0.33
0.32
0.32
0.34
0.3
0.26
0.23
0.28
0.33
0.33
0.23
0.23
0.26
0.3
0.28
0.33
0.37
0.37
0.27
0.27
0.28
0.26
0.23
0.23
0.31
0.4
2.03
3.66
2.85
2.04
2.04
1.89
1.74
1.63
1.8
1.96
1.95
1.9
1.85
1.72
1.59
1.56
1.53
1.58
1.77
1.95
1.74
1.53
1.56
1.59
1.69
1.74
1.8
1.78
1.31
0.84
0.84
0.85
0.85
0.75
0.64
0.48
0.32
0.31
0.3
0.28
0.33
0.38
0.42
0.76
1.1
1.77
1.75
1.73
1.75
1.77
1.57
1.38
1.39
1.4
1.52
1.63
1.53
1.42
1.56
1.58
1.61
1.56
1.51
1.51
1.42
1.33
1.38
1.39
1.41
1.4
1.39
1.42
1.46
1.49
2.08
2.66
3.25
3.84
3.36
2.87
2.69
2.51
2.85
3.18
4.28
5.38
5.53
5.69
5.03
4.37
3.6
3.1
2.6
2.46
2.31
2.16
1.84
1.52
1.45
1.38
1.53
1.67
1.09
0.52
0.4
