"Var1"
0.22
0.29
0.34
0.35
0.32
0.31
0.29
0.28
0.24
0.22
0.27
0.32
0.26
0.26
0.31
0.33
0.33
0.33
0.34
0.33
0.28
0.28
0.29
0.3
0.29
0.28
0.29
0.32
0.33
0.34
0.36
0.4
0.33
0.27
0.28
0.25
0.23
1.44
2.64
2.04
1.44
1.58
1.71
1.61
1.51
1.43
1.35
1.37
1.39
1.32
1.32
1.37
1.34
1.31
1.27
0.99
0.72
0.5
0.29
0.3
0.3
0.28
0.28
0.29
0.31
0.31
0.3
0.3
0.32
0.33
0.35
0.36
0.34
0.28
0.26
0.32
0.3
0.26
0.25
0.28
0.27
0.26
0.27
0.3
0.33
0.37
0.3
0.24
0.34
0.29
0.24
0.26
0.29
0.31
0.29
0.31
0.33
0.36
0.36
0.33
0.31
0.3
0.84
1.37
1.37
1.38
1.06
0.74
1.13
1.52
1.49
1.45
2.12
2.78
4.87
3.56
2.26
3.33
4.4
3.98
3.56
3.65
3.74
2.19
0.64
0.59
0.53
0.51
0.52
0.64
0.76
0.81
1.16
1.5
1.77
2.05
2.08
2.38
2.69
2.23
1.77
1.54
1.31
1.09
