"Var1"
0.43
0.35
0.27
0.33
0.32
0.3
0.3
0.31
0.31
0.27
0.22
0.25
0.28
0.28
0.28
0.31
0.33
0.39
0.55
0.7
1.05
1.4
0.84
0.28
0.28
0.29
0.3
0.29
0.28
0.3
0.3
0.3
0.28
0.26
0.26
0.26
0.26
0.27
0.28
0.29
0.28
1.36
2.45
2.54
2.59
2.64
2.91
3.17
3.66
4.14
3.77
3.4
2.35
1.3
1.33
1.37
1.38
1.4
1.37
1.35
1.36
1.36
1.29
1.35
1.41
1.35
1.29
1.29
1.37
1.44
0.87
0.31
0.31
0.36
0.36
0.29
0.23
0.31
0.29
0.27
0.27
0.27
0.36
0.45
0.39
0.34
0.34
0.35
0.29
0.3
0.3
0.29
0.28
0.48
0.67
1.01
1.35
1.5
3.3
5.1
3.99
2.89
2.77
2.94
3.11
3.55
3.99
4.27
4.56
4.28
4
3.88
3.77
3.64
3.51
3.71
3.91
5.26
6.61
7.14
5.35
3.56
3.48
3.65
3.82
3.37
2.92
2.98
2.98
2.81
2.81
2.42
2.04
1.63
1.22
1.29
1.38
1.35
1.33
1.32
1.31
1.28
1.25
1.21
