"Var1"
0.34
0.3
0.25
0.27
0.34
0.35
0.28
0.26
0.27
0.28
0.26
0.27
0.27
0.27
0.29
0.34
0.34
0.27
0.24
0.27
0.25
0.23
0.23
0.27
0.31
0.32
0.31
0.3
0.29
0.27
0.26
0.27
0.27
0.25
0.25
0.64
1.09
1.39
1.37
0.86
0.35
0.22
1.05
1.89
1.74
1.59
1.57
2.68
3.79
3.41
3.03
2.93
2.82
2.72
2.67
2.96
3.25
2.97
2.42
1.88
2.72
3.56
2.48
1.41
1.37
1.32
1.31
1.33
1.34
1.32
1.36
1.39
1.4
1.37
1.37
1.36
1.33
1.3
1.42
1.54
1.28
1.28
1.19
1.19
1.28
1.37
1.39
1.42
1.42
1.39
1.4
1.39
1.39
1.4
1.46
1.43
1.38
1.38
1.42
1.41
1.31
0.96
0.61
0.89
1.14
1.39
1.33
1.27
0.95
1.06
1.17
1.18
1.96
2.74
2.74
3.71
3.71
3.64
3.57
3.34
3.1
5.06
7.03
5.51
4
4.07
4.07
2.29
2.29
2.01
1.77
1.63
1.56
1.55
1.59
1.63
1.64
1.68
1.69
1.65
1.6
1.6
1.61
1.6
