"Var1"
1.01
1.01
1.01
0.98
0.96
0.92
0.88
1.07
1.26
1.7
1.82
1.93
1.83
2.61
3.4
1.83
0.26
0.3
0.36
0.43
0.94
1.46
0.86
0.26
0.26
0.26
0.2
0.15
0.18
0.21
0.19
0.18
0.13
0.15
0.17
0.28
0.24
0.19
0.18
0.18
0.22
0.26
0.18
0.1
0.16
0.23
0.21
0.16
0.16
0.13
0.28
0.28
0.28
0.16
0.16
0.76
1.36
1.34
1.32
1.33
1.35
1.36
1.37
1.31
1.38
1.46
1.4
1.35
1.36
1.75
2.14
1.57
1.17
0.78
0.73
0.67
0.59
1.67
2.75
2.82
2.37
1.91
2.65
3.39
4.07
3.47
2.87
1.85
0.83
0.81
0.8
0.73
0.66
0.75
0.84
0.84
2.52
2.52
2.57
2.61
1.84
1.37
0.9
0.82
0.74
0.96
1.18
2.81
4.44
4.38
4.32
3.29
3.29
3.04
3.04
3.4
3.38
3.36
2.8
2.24
2.03
1.82
2.02
2.22
2.49
2.42
2.35
2.54
2.72
2.51
2.29
1.64
0.99
0.94
0.89
0.75
0.59
0.43
0.23
0.26
0.29
0.23
0.17
0.12
