"Var1"
0.99
1.12
1.26
1.02
0.78
0.45
0.12
0.16
0.2
0.24
0.27
0.17
0.15
0.14
0.14
0.19
0.19
0.21
0.23
0.23
0.22
0.2
0.2
0.14
0.14
0.17
0.2
0.21
0.21
0.21
0.19
0.18
0.23
0.17
0.12
0.1
0.17
0.24
0.22
0.2
0.8
1.41
0.91
0.41
0.32
0.31
0.29
0.42
0.41
0.41
0.37
0.41
0.45
0.43
0.41
0.35
0.39
0.44
0.48
0.52
0.52
1.34
1.34
1.43
1.2
0.97
0.68
0.39
0.43
0.42
0.41
0.55
0.69
0.58
0.47
0.47
0.24
0.21
0.21
0.22
0.23
0.18
0.16
0.14
0.18
0.22
0.21
0.2
0.2
0.19
0.19
0.18
0.16
0.18
0.19
0.78
1.37
1.3
1.24
1.24
0.22
0.22
0.22
0.19
0.19
0.36
0.54
0.56
0.57
0.57
2
3.44
3.42
3.4
3.01
2.63
2.05
1.47
1.42
1
0.58
0.53
0.5
0.46
0.46
0.46
0.46
2.27
2.27
2.29
1.86
1.43
1.26
1.09
1.07
1.05
0.92
0.79
0.85
0.91
0.79
0.67
0.43
0.2
