"Var1"
0.23
0.24
0.36
0.48
0.9
1.31
1.02
0.72
0.39
0.32
0.24
0.26
0.26
0.26
0.27
0.27
0.28
0.25
0.22
0.24
0.28
0.29
0.3
0.3
0.3
0.31
0.26
0.22
0.22
0.26
0.26
0.26
0.22
0.22
0.27
0.33
0.23
0.48
0.74
0.74
1.33
1.33
1.81
2.29
2.37
2.36
2.34
2.59
2.83
3.24
3.66
2.57
1.48
2.14
2.79
2.08
1.37
1.4
1.44
1.39
1.37
1.41
1.39
1.37
1.37
1.38
1.41
1.43
1.82
2.21
2.48
2.75
2.93
3.12
4.45
5.78
4.97
4.17
4.04
3.91
3.39
3.42
3.45
3.44
3.44
3.64
3.84
3.53
3.22
3.21
3.19
3.16
2.76
2.35
1.55
0.76
0.66
0.56
0.47
0.47
0.48
0.44
0.4
0.73
1.06
1.46
1.86
2.27
2.68
2.96
3.24
3.09
3.04
2.99
2.88
3.11
3.35
2.57
1.79
1.8
1.82
1.85
1.88
2.67
3.45
4.03
4.61
4.72
4.72
3.19
3.19
2.73
2.26
1.95
1.65
1.53
1.42
1.34
1.43
1.51
1.15
1.33
1.51
2.11
