"Var1"
0.25
0.29
0.27
0.25
0.26
0.25
0.24
0.24
0.27
0.3
0.28
0.26
0.29
0.28
0.28
0.28
0.27
0.25
0.28
0.32
0.33
0.32
0.31
0.31
0.29
0.29
0.28
0.26
0.26
0.26
0.25
0.26
0.26
0.26
0.28
0.29
0.29
0.28
0.27
0.25
1.19
2.12
1.94
2.06
2.18
2.54
2.75
2.96
2.15
1.89
1.64
1.63
1.62
1.61
1.61
1.61
1.6
1.6
1.61
1.6
1.58
1.58
1.58
1.58
0.48
0.48
0.52
0.56
0.56
0.54
0.53
0.53
0.53
0.53
0.51
0.49
0.5
0.51
0.51
0.51
0.56
0.56
0.56
0.56
2.07
2.07
1.29
0.52
0.52
0.52
0.51
0.48
1.17
1.87
1.41
0.95
1.2
1.45
1.4
1.35
1.28
1.22
1.02
0.81
0.84
0.88
0.92
1.19
1.45
1.89
2.34
2.73
3.13
3.17
3.34
3.5
3.19
2.87
2.77
2.68
2.32
1.96
1.76
1.57
1.7
1.84
1.92
2.01
2.25
2.2
2.14
1.88
1.61
1.44
1.26
0.85
0.43
0.34
0.24
0.28
0.28
0.27
0.25
0.23
