"Var1"
0.32
0.38
0.41
0.37
0.33
0.32
0.33
0.32
0.31
0.32
0.33
0.34
0.34
0.33
0.32
0.29
0.28
0.27
0.28
0.27
0.26
0.26
0.27
0.27
0.27
0.27
0.28
0.29
0.3
0.31
0.32
0.33
0.33
0.45
0.57
0.99
1.41
1.17
0.92
0.83
0.78
0.73
0.69
0.66
1.38
2.11
2.67
2.34
2.01
2.11
2.3
2.5
2.3
2.1
1.79
1.57
1.36
1.38
1.4
1.4
1.36
1.33
1.36
1.44
1.51
1.51
1.5
1.62
1.75
1.63
1.5
1.38
1.35
1.32
1.33
1.36
1.36
1.36
1.38
1.43
1.48
1.53
1.53
2.99
2.99
2.18
1.36
1.4
1.85
2.3
1.92
1.54
1.58
1.54
1.51
1.46
1.41
1.41
1.41
1.37
1.38
1.38
1.36
1.32
1.34
1.35
1.6
1.84
1.93
2.01
1.9
1.78
1.58
1.38
1.53
1.9
2.28
2.45
2.61
2.73
2.84
2.85
2.86
2.78
2.42
2.07
1.96
1.86
1.82
1.82
3.07
3.07
2.87
2.62
2.31
1.92
1.54
1.56
1.61
1.5
1.39
1.38
1.42
1.46
