"Var1"
0.38
0.34
0.33
0.33
0.32
0.32
0.34
0.29
0.25
0.28
0.3
0.28
0.25
0.29
0.33
0.32
0.3
0.27
0.24
0.27
0.31
0.24
0.28
0.33
0.28
0.24
0.24
0.33
0.36
0.31
0.31
0.32
0.33
0.33
0.29
0.26
0.3
0.29
0.28
0.82
1.35
1.38
1.42
0.89
0.37
0.33
0.31
0.29
0.27
0.26
0.55
0.84
0.84
0.78
0.78
0.86
0.94
1.15
1.35
1.36
1.37
1.37
2.13
2.89
2.31
1.73
1.47
1.84
2.22
3.44
3.85
4.25
4.28
4.36
4.44
3.79
3.14
2.41
1.67
1.51
1.34
1.44
1.54
1.62
1.56
1.5
1.52
1.54
1.5
1.46
1.52
1.58
1.47
1.51
1.55
1.74
1.92
1.97
2.03
2.44
2.86
2.57
2.29
3.06
3.82
3.35
2.87
2.87
3.3
3.3
3.3
3.27
3.27
3.27
3.26
3.26
3.23
3.2
2.88
2.56
2.6
2.13
1.66
1.65
1.63
1.61
1.6
1.58
1.6
1.61
1.59
1.57
1.59
1.6
1.61
1.62
1.63
1.65
1.65
1.57
1.57
1.6
1.62
1.67
