"Var1"
0.32
0.35
0.31
0.31
0.33
0.35
0.3
0.25
0.26
0.26
0.28
0.3
0.28
0.26
0.29
0.32
0.28
0.24
0.3
0.36
0.33
0.31
0.29
0.27
0.28
0.28
0.28
0.28
0.28
0.27
0.26
0.29
0.29
0.29
0.3
0.34
0.37
0.64
0.91
0.91
3.02
3.02
2.64
2.26
2.44
2.78
3.13
3.05
3.55
4.04
3.16
2.28
2.02
1.72
1.42
1.86
2.3
1.82
1.35
1.33
1.31
1.31
1.37
1.37
1.3
1.39
1.48
1.68
1.66
1.64
1.64
2.06
2.48
2.75
3.03
3.03
3.67
3.67
2.88
2.62
2.37
2.36
2.34
2.4
2.46
2.44
2.41
2.42
2.42
2.45
3.62
4.79
4.53
4.28
4.21
3.84
3.48
3.08
2.68
2.6
1.6
0.61
0.61
0.53
0.53
1.09
1.65
1.79
1.94
2.08
2.36
2.53
2.71
2.79
2.86
2.77
2.68
2.68
0.91
0.91
0.81
0.7
0.78
2.24
3.7
3.55
3.6
3.66
3.32
2.98
2.82
2.65
2.65
3.49
3.49
1.96
0.43
0.43
0.38
0.37
0.37
0.35
0.32
0.32
