"Var1"
0.26
0.28
0.31
0.29
0.27
0.27
0.28
0.28
0.28
0.3
0.32
0.31
0.32
0.32
0.3
0.28
0.3
0.32
0.28
0.24
0.27
0.31
0.23
0.84
1.46
1.15
0.85
0.62
0.4
0.37
0.3
0.23
0.27
0.31
0.27
0.3
0.32
0.31
0.3
1.22
2.14
2.38
2.62
2.36
2.04
1.72
2.06
2.4
2.68
2.3
1.91
2.34
2.52
2.7
2.04
1.38
1.46
1.42
1.37
1.37
2.17
2.17
1.74
1.32
1.36
1.41
1.35
1.33
1.32
1.38
1.38
1.31
1.38
1.38
1.35
1.33
1.35
1.37
1.51
1.66
1.39
1.12
1.62
2.12
2.05
1.98
1.78
1.59
1.4
1.4
1.44
1.4
1.4
1.41
1.42
1.45
0.85
0.26
0.65
1.04
1.27
1.5
1.6
1.7
1.73
1.75
1.76
1.93
2.09
2.31
2.52
2.6
2.68
2.52
2.75
2.98
2.95
2.91
2.91
3.27
3.27
3.18
3.09
3.1
3.1
3.09
2.75
2.41
2.38
1.78
1.17
1.03
0.82
0.61
0.52
0.43
0.39
0.36
0.35
0.35
0.33
0.31
0.34
0.37
