"Var1"
0.38
0.35
0.31
0.28
0.26
0.27
0.28
0.3
0.29
0.29
0.32
0.35
0.31
0.27
0.25
0.26
0.26
0.27
0.28
0.29
0.28
0.28
0.36
0.43
0.88
1.32
0.97
0.63
0.43
0.24
0.25
0.28
0.31
0.28
0.26
0.24
0.28
0.31
0.22
0.73
1.24
0.94
0.63
0.59
0.96
1.33
2.35
2.65
2.95
2.94
2.94
2.32
1.7
1.63
1.56
1.51
1.45
1.51
1.49
1.47
1.46
1.46
1.5
1.54
1.45
1.47
1.51
1.55
1.48
1.42
1.48
1.5
1.51
1.49
1.47
1.48
1.5
1.44
2.19
2.94
3.47
4
3.39
2.79
2.79
3.92
3.92
2.88
2.32
1.75
1.68
1.65
1.62
1.6
1.6
1.66
1.75
1.75
2.19
2.19
1.8
1.74
1.69
2
2.31
2.49
2.68
2.76
2.84
2.31
1.78
1.76
2.25
2.74
2.61
2.8
3
2.92
2.91
2.9
2.97
2.97
2.97
2.95
2.98
3.02
2.77
2.65
2.53
2.49
2.46
1.79
1.13
1.15
1.16
1.99
2.83
2.2
1.58
1.58
0.38
0.38
0.33
0.28
