"Var1"
0.33
0.42
0.53
0.47
0.4
0.39
0.39
0.36
0.34
0.35
0.35
0.35
0.34
0.37
0.42
0.42
0.39
0.36
0.37
0.33
0.3
0.33
0.37
0.37
0.33
0.32
0.35
0.39
0.42
0.36
0.31
0.33
0.36
0.31
0.29
0.49
0.68
1.09
1.5
1.5
2.08
2.08
1.79
1.5
1.55
1.56
1.51
1.5
1.49
1.43
1.37
1.4
1.39
1.37
1.37
1.38
1.37
1.32
1.3
1.32
1.37
1.37
1.32
1
0.68
0.46
0.23
0.71
1.18
1.25
1.32
1.32
1.32
2.11
2.11
1.9
1.69
1.54
1.39
1.44
1.49
1.54
1.59
1.45
2.08
2.71
1.54
0.36
0.38
0.37
0.34
0.74
1.15
0.74
0.33
0.34
0.34
0.31
0.29
0.28
0.3
0.3
0.28
0.27
0.29
0.33
0.36
0.38
0.4
0.38
0.32
0.23
1.07
1.91
2.43
2.96
3.33
3.7
4.14
4.57
4.24
3.54
2.78
2.78
2.78
2.78
3.03
3.3
3.85
4.4
4.4
1.99
1.99
1.83
1.67
1.25
2
2.74
1.85
0.96
0.92
0.91
0.91
0.94
