"Var1"
0.27
0.34
0.35
0.28
0.25
0.29
0.31
0.28
0.25
0.29
0.35
0.35
0.29
0.26
0.3
0.31
0.28
0.26
0.28
0.34
0.34
0.29
0.27
0.3
0.31
0.28
0.26
0.28
0.32
0.33
0.3
0.29
0.29
0.3
0.27
0.27
0.29
0.31
0.33
0.34
0.34
0.32
0.89
1.28
1.11
0.62
1.71
2.79
2.31
1.83
2.01
2.19
1.97
1.76
1.6
1.53
1.51
1.55
1.59
1.57
1.52
1.54
1.62
1.66
1.59
1.54
1.57
1.62
1.6
1.54
1.53
1.61
1.61
0.83
0.83
0.63
0.44
0.39
0.32
0.31
0.35
0.35
0.3
0.28
0.33
0.37
0.38
0.33
0.33
0.36
0.36
0.31
0.28
0.32
0.35
0.36
0.33
0.34
0.36
0.36
0.31
0.29
0.33
0.38
0.52
0.67
0.64
0.86
1.08
1.42
1.77
1.56
1.3
1.09
0.89
1.51
1.93
2.36
3.52
4.67
4.06
3.45
3.1
2.75
2.67
2.55
2.69
2.83
3.23
3.65
3.47
3.29
2.97
2.65
2.48
2.3
1.57
0.84
0.58
0.32
0.3
0.32
0.35
0.36
