"Var1"
3.75
4.05
4.35
4.06
3.62
3.18
2.88
2.59
2.54
2.5
2.47
2.43
2.47
2.51
2.46
2.48
2.5
2.48
2.46
2.45
2.45
2.49
2.2
1.91
1.69
1.48
1.43
1.39
1.39
1.4
1.39
1.37
1.38
1.4
1.38
1.36
1.31
1.39
1.46
1.43
1.44
1.44
1.33
1.22
1.3
1.39
1.36
1.33
1.22
1.11
0.99
1.73
2.47
1.99
1.52
1.38
1.56
1.73
2.07
2.41
2.41
3.2
3.2
3.59
3.92
4.25
3.3
2.46
1.61
1.54
1.47
1.44
1.4
1.44
1.43
1.41
2.26
3.1
3.13
3.16
2.58
1.99
1.76
1.53
1.53
1.8
1.8
2.2
2.61
2.06
1.51
1.53
1.55
1.57
1.54
2.27
3.01
2.69
2.38
2.34
2.31
2.03
1.74
1.5
1.25
1.35
1.45
1.92
2.39
2.58
2.77
3.42
4.07
4.18
4.18
5.69
5.69
5.69
5.05
5.05
3.99
2.93
2.35
1.77
1.79
2.01
2.23
2.62
3.02
4.05
3.26
2.48
2.42
2.37
2.28
2.25
2.25
2.23
2.22
1.39
0.55
0.56
0.56
0.44
