"Var1"
1.34
0.78
0.22
0.26
0.33
0.4
0.32
0.31
0.29
0.29
0.25
0.25
0.27
0.3
0.34
0.33
0.32
0.32
0.33
0.31
0.31
0.25
0.25
0.25
0.29
0.32
0.32
0.35
0.35
0.29
0.29
0.29
0.29
0.32
0.4
0.48
0.92
1.36
1.09
0.78
0.47
0.49
0.51
0.49
0.48
0.47
0.5
0.53
0.56
0.66
0.76
1.01
1.6
2.19
2.03
1.88
1.5
1.12
0.94
0.77
0.98
1.19
1.02
0.85
0.92
1.36
1.79
0.99
1.45
1.9
1.73
1.56
1.41
1.26
1.04
0.82
0.8
1.11
1.41
1.71
1.58
1.44
1.43
1
0.58
0.51
0.44
0.44
0.44
0.45
0.45
0.41
0.37
0.41
0.45
1.07
1.69
1.63
1.3
0.98
1.62
2.26
2.02
1.77
1.41
1.04
1.4
1.77
1.74
2.15
2.57
2.36
2.69
3.03
2.94
3.09
3.23
3.22
3.22
2.69
2.16
2.12
2.07
3.16
4.25
4.35
4.44
4.24
4.04
4
3.96
3.86
3.75
3.19
2.63
2.16
1.69
1.63
1.78
1.92
1.92
1.34
1.34
1.37
