"Var1"
0.41
0.45
0.5
0.44
0.38
0.4
0.43
0.4
0.37
0.43
0.5
0.41
0.32
0.38
0.44
0.38
0.32
0.41
0.49
0.49
0.4
0.4
0.39
0.39
0.41
0.43
0.42
0.41
0.38
0.34
0.91
1.47
1.15
0.75
0.36
0.35
0.34
0.33
0.32
0.33
0.35
0.36
0.36
0.36
0.36
0.34
0.31
0.27
1.3
2.32
1.31
0.3
0.3
0.28
0.42
0.42
0.44
0.45
0.46
0.37
0.29
0.72
1.15
1.3
1.46
1.73
2.64
3.55
2.82
2.08
2.27
2.45
2.53
2.61
2.09
1.57
1.57
3.98
3.98
3.62
3.26
3.05
2.84
2.58
2.32
2.86
3.4
2.51
1.61
1.63
2.18
2.73
2.13
1.53
1.89
2.25
2.22
1.37
0.53
0.44
1.91
3.37
2.66
1.95
1.16
0.75
0.33
0.36
0.39
0.39
0.55
0.55
2.12
3.69
3.53
3.37
3.16
2.95
2.56
2.16
3.25
4.35
4.38
4.42
4.61
4.81
4.53
4.26
3.51
2.75
2.64
2.53
2.05
1.81
1.58
1.51
1.45
1.39
1.34
1.39
1.42
1.42
1.41
1.23
