"Var1"
0.97
0.7
0.62
0.53
0.42
0.3
0.29
0.27
0.26
0.24
0.25
0.26
0.26
0.27
0.27
0.28
0.36
0.37
0.33
0.31
0.3
0.3
0.28
0.25
0.28
0.31
0.67
1.02
1.36
1.02
0.67
0.49
0.31
0.29
0.26
0.26
0.26
0.84
1.43
2.16
2.89
2.75
2.61
2.27
2.07
1.87
1.69
1.51
1.41
1.31
1.41
1.36
1.32
1.32
1.43
1.43
1.17
0.91
1.22
1.53
1.4
2.39
3.38
2.41
1.45
1.38
1.39
1.41
1.4
1.51
1.61
1.2
0.78
0.58
0.37
0.42
0.43
0.43
0.4
0.4
0.4
0.41
0.41
0.4
0.44
0.48
0.45
0.47
0.5
1.57
2.64
2.4
2.59
2.78
2.81
2.85
2.79
1.59
0.39
0.39
0.41
0.41
0.41
0.4
0.47
0.48
0.49
1.7
2.92
2.41
1.9
1.8
2.12
2.43
3.02
3.62
4.06
3.69
3.33
3.08
3.13
3.18
3.47
3.76
3.45
3.14
2.89
2.65
2.51
2.38
2.37
2.1
1.84
1.43
1.01
0.92
0.84
0.74
0.78
0.83
0.83
0.76
0.7
0.75
