"Var1"
0.53
0.54
0.52
0.53
0.55
0.57
0.53
0.49
0.48
0.5
0.49
0.48
0.47
0.48
0.52
0.51
0.49
0.48
0.52
0.56
0.56
0.51
0.43
0.34
0.28
0.27
0.3
0.31
0.28
0.26
0.29
0.31
0.29
0.28
0.33
0.89
1.45
1.07
0.71
0.35
0.31
0.26
0.26
0.31
0.31
0.26
0.25
0.3
1.36
2.42
2.42
1.24
1.24
0.92
0.92
1.61
1.61
1.46
1.32
1.36
1.42
1.43
1.4
1.36
1.22
1.08
0.7
0.32
0.4
0.46
0.49
0.51
1.15
1.79
1.76
1.79
1.75
1.72
1.74
1.71
1.67
3.01
4.36
4.55
4.74
4.53
4.33
3.96
3.96
3.76
3.76
3.27
2.47
1.68
1.58
1.69
1.81
2.26
2.71
2.8
2.9
2.86
2.82
2.09
2.35
2.61
2.94
3.28
3.76
4.24
4.69
5.14
5.28
4.78
4.27
4.2
3.23
2.25
2.15
2.04
2.04
2.03
2.59
3.14
3.14
4.01
4.01
3.5
2.98
2.8
2.67
2.59
2.54
2.67
2.8
2.77
2.74
2.18
1.65
1.13
0.84
0.55
0.57
0.57
