"Var1"
0.34
0.29
0.24
0.28
0.33
0.82
1.31
0.88
0.44
0.33
0.22
0.29
0.32
0.34
0.34
0.33
0.33
0.32
0.29
0.25
0.27
0.3
0.28
0.32
0.35
0.35
0.35
0.35
0.33
0.32
0.31
0.3
0.3
0.3
0.25
0.25
0.25
0.32
0.23
0.23
2.05
3.88
2.85
1.82
2.1
2.39
2.62
2.86
3.11
3.04
2.97
2.87
2.76
2.3
1.84
2.11
2.38
1.9
1.42
1.43
1.45
1.46
1.48
1.42
1.36
1.34
2.42
3.5
4.23
4.95
4.05
3.16
2.37
1.58
1.49
1.4
1.35
1.29
0.87
0.44
0.38
0.53
0.68
0.59
0.5
1.03
1.56
2.01
2.46
2.14
1.88
1.62
1.37
1.12
0.87
0.62
0.64
0.66
0.67
0.56
0.44
0.48
0.84
1.19
1.63
1.63
2.92
2.92
3.16
3.4
3.38
3.36
3.3
3.24
3.43
3.62
3.49
3.37
2.86
2.35
2.98
3.62
3.42
3.22
2.94
2.65
2.74
2.09
1.45
1.33
1.2
1.13
1.1
1.07
0.97
0.82
0.66
0.55
0.44
0.4
0.37
0.37
0.36
0.36
