"Var1"
1.26
0.83
0.4
0.31
0.35
0.39
0.37
0.34
0.34
0.34
0.34
0.34
0.33
0.31
0.38
0.44
0.37
0.29
0.33
0.37
0.37
0.38
0.38
0.37
0.35
0.35
0.33
0.32
0.3
0.3
0.31
0.34
0.37
0.37
0.38
0.38
0.38
0.32
0.36
0.39
1.52
2.65
2.63
2.61
2.59
2.58
2.58
2.57
2.1
1.62
1.54
1.46
1.55
1.64
1.64
2.66
2.66
2.04
1.43
1.54
1.96
2.39
1.92
1.45
1.43
1.42
1.4
1.39
1.39
1.47
1.37
1.37
0.99
0.6
0.41
0.4
0.38
0.38
0.38
0.3
0.37
0.45
0.38
0.38
0.38
0.4
0.42
0.36
0.3
0.37
0.34
0.31
0.34
0.37
0.37
0.37
0.35
0.33
0.35
0.37
0.35
0.34
0.68
1.02
1.13
1.13
1.13
1.03
1.21
1.39
1.67
2.1
2.53
2.56
2.59
2.53
2.46
1.95
1.44
1.81
2.18
2.35
2.53
3.44
4.36
4.36
2.27
2.27
2.66
3.05
2.9
2.62
2.35
2.28
2.22
1.32
0.42
0.38
0.34
0.32
0.3
0.23
0.31
0.4
