"Var1"
1.93
1.65
1.38
1.46
1.4
1.34
1.36
1.38
1.39
1.19
0.98
0.65
0.32
0.31
0.3
0.29
0.26
0.24
0.27
0.31
0.32
0.33
0.35
0.37
0.35
0.32
0.28
0.23
0.26
0.28
0.29
0.3
0.48
0.66
0.59
0.53
0.57
0.61
0.53
0.44
0.38
0.32
0.31
0.93
1.55
1.1
0.65
0.99
1.32
1.32
3.07
3.07
3.33
3.58
3.2
2.64
2.07
1.74
1.41
1.38
1.34
1.21
1.08
0.67
0.26
0.3
0.31
0.3
0.3
0.29
0.32
0.31
0.3
0.29
0.38
0.46
0.51
0.55
0.58
1.35
2.11
3.28
2.84
2.39
1.8
1.2
1.6
1.99
1.34
0.7
0.83
1.49
2.15
2.11
2.08
2.08
0.35
0.35
0.48
0.62
0.59
0.52
0.46
0.44
0.43
0.45
0.47
0.47
0.4
0.33
1.03
1.72
2.03
2.33
2.55
2.77
2.77
2.75
2.56
2.37
2.05
1.73
1.78
1.83
1.79
1.74
2.59
3.44
3.4
3.35
3.22
3.08
3.48
3.87
3.89
3.91
3.83
4.5
5.18
4.39
3.6
3.66
3.71
3.92
