"Var1"
0.39
0.35
0.3
0.31
0.32
0.27
0.22
0.24
0.26
0.26
0.26
0.28
0.31
0.31
0.3
0.23
0.27
0.32
0.28
0.24
0.26
0.29
0.32
0.31
0.31
0.31
0.31
0.27
0.23
0.26
0.29
0.32
0.51
0.69
0.69
0.96
0.96
0.6
0.24
0.28
0.97
1.66
1.37
1.08
1.09
1.72
2.34
2.17
2
3.04
4.08
3.09
2.09
1.86
1.63
1.53
1.42
2.57
3.73
2.56
1.38
1.39
1.39
1.45
1.52
1.52
1.52
1.55
1.56
1.56
1.56
1.56
1.54
1.53
1.53
1.54
1.53
1.53
1.53
1.53
1.57
1.6
1.63
1.63
0.46
0.46
0.46
0.48
0.48
0.56
0.64
0.64
0.6
0.6
0.54
0.48
0.49
0.51
0.55
0.6
0.49
0.39
0.44
0.69
0.93
1.25
1.58
1.56
1.55
1.62
1.68
2.63
3.57
2.6
1.64
1.59
2.12
2.65
3.28
3.9
3.14
3.45
3.76
4.87
4.81
4.75
4.06
3.37
2.88
2.55
2.23
1.77
1.48
1.19
1.16
1.12
1.12
0.97
0.82
0.55
0.28
0.29
0.31
0.31
