"Var1"
4.72
4.72
4.72
4.63
4.54
4.07
3.61
3.61
3.46
3.46
3.89
4.33
3.38
2.43
2.43
2.42
2.42
2.41
2.41
2.41
2.4
1.34
0.28
0.32
0.3
0.28
0.32
0.35
0.3
0.25
0.23
0.29
0.34
0.3
0.26
2.01
3.76
3.61
3.46
3.47
3.49
3.41
2.91
2.41
2.41
2.41
2.44
2.45
2.39
4.13
4.13
3.79
3.46
3.46
3.37
3.37
3.38
3.38
3.51
3.64
3.75
3.86
3.7
3.54
3.37
3.76
4.16
2.77
1.39
2.12
2.12
4.41
4.41
3.83
3.24
3.19
3.14
2.92
3.69
4.46
3.62
2.78
2.33
1.89
2.84
3.8
3.59
3.37
3.14
2.9
2.21
1.52
1.47
1.41
1.72
2.02
2.3
2.44
2.59
1.9
1.9
0.4
0.4
1.06
1.72
2.73
3.74
4.29
3.67
3.04
3.05
3.05
3.11
3.21
3.31
4.19
5.07
4.12
3.17
3.09
2.74
2.4
3.16
3.92
3.63
3.35
3.25
3.25
3.28
3.28
2.32
1.35
1.3
1.13
0.95
0.65
0.35
0.39
0.42
0.36
0.38
0.4
0.4
0.4
