"Var1"
0.39
0.38
0.34
0.29
0.27
0.26
0.24
0.25
0.26
0.82
1.37
1.3
1.16
1.03
0.66
0.29
0.28
0.27
0.27
0.27
0.28
0.3
0.31
0.31
0.28
0.25
0.28
0.31
0.35
0.35
0.3
0.3
0.31
0.27
0.24
0.29
0.28
0.27
0.28
0.3
1.23
2.16
2.08
2
2.01
2.01
2.06
2.11
2.18
2.24
2.55
2.86
2.71
2.56
2.38
2.19
2.11
2.02
1.81
1.71
1.61
1.57
1.54
2.61
3.68
3.73
3.27
2.81
2.22
1.63
1.66
1.69
1.69
1.7
1.72
1.59
1.46
1.37
1.38
1.39
1.36
0.82
0.28
0.3
0.31
0.35
0.38
0.38
0.39
0.32
0.26
0.26
0.33
0.27
0.24
0.29
0.37
0.34
0.34
0.4
0.46
0.41
0.36
0.33
0.3
0.27
0.25
0.27
0.3
0.33
0.37
0.69
1
2.25
3.51
2.7
3.02
3.33
5.01
3.36
1.72
1.72
1.46
1.46
2.61
3.75
4.26
4.78
4.78
5.86
5.86
5.57
5.28
4.81
4.3
3.79
2.62
1.44
1.44
1.44
1.44
1.44
1.32
1.32
