"Var1"
0.39
0.31
0.26
0.3
0.39
0.38
0.31
0.26
0.29
0.32
0.3
0.26
0.27
0.31
0.32
0.28
0.29
0.35
0.38
0.33
0.28
0.28
0.29
0.29
0.27
0.28
0.29
0.3
0.27
0.3
0.35
0.36
0.31
0.27
0.28
0.32
0.69
1.06
1.4
1.75
1.9
2.06
4.93
7.8
5.55
3.3
2.7
2.1
2.19
2.29
1.85
1.41
1.43
1.41
2.02
2.64
2.01
1.38
1.36
1.39
1.43
1.41
1.36
1.32
1.36
1.39
1.37
1.33
1.34
1.39
1.4
1.38
1.39
0.94
0.48
0.37
0.33
0.35
0.45
0.56
0.69
1.13
1.56
1.51
1.51
1.56
2.3
3.04
3.04
2.29
2.29
2.17
1.88
1.58
1.35
1.36
1.38
1.91
2.45
2.43
3.11
3.79
3.79
2.37
2.37
2.32
2.27
2.27
2.34
2.86
3.38
3.38
4.1
4.1
5.17
6.24
6.24
4.91
4.91
4.66
4.96
5.25
5.14
4.06
2.98
3.25
3.52
3.61
3.7
3.7
2.84
2.84
2.51
2.17
2.99
2.99
0.85
0.85
0.56
0.27
0.28
0.28
0.26
0.26
