"Var1"
0.41
0.34
0.29
0.23
0.27
0.32
0.25
0.24
0.28
0.32
0.32
0.29
0.33
0.36
0.31
0.26
0.24
0.27
0.27
0.27
0.28
0.31
0.33
0.31
0.26
0.23
0.24
0.25
0.27
0.25
0.25
0.31
0.37
0.3
0.22
0.23
0.27
0.31
0.25
0.25
0.29
1.96
3.63
2.88
2.13
2.19
1.95
1.71
1.71
1.71
1.6
1.5
1.05
0.6
0.5
0.41
0.37
0.34
0.78
1.21
1.43
1.4
1.37
1.36
1.35
1.32
1.32
1.33
1.33
1.34
1.32
1.31
1.33
1.35
1.32
1.31
1.33
1.37
1.42
1.42
1.42
1.42
1.46
1.47
1.48
1.55
1.32
1.09
0.79
0.48
0.52
0.55
0.56
0.57
0.58
0.56
0.53
0.52
0.55
0.61
0.68
0.69
0.69
0.69
0.7
0.72
1.01
1.3
1.53
1.93
2.33
2.34
2.36
2.36
3.36
3.36
4.49
5.62
5.62
6.04
6.04
4.43
2.81
3.35
3.89
3.35
2.81
2.67
2.54
2.59
2.64
2.78
2.92
2.92
2.36
2.36
2.06
1.76
0.96
0.96
1.36
1.36
0.88
0.39
