"Var1"
1.47
1.38
1.33
1.36
1.42
1.43
1.36
1.34
1.39
1.24
1.09
0.7
0.31
0.28
0.28
0.32
0.32
0.3
0.28
0.29
0.27
0.24
0.24
0.24
0.25
0.25
0.3
0.3
0.3
0.26
0.26
0.28
0.27
0.26
0.27
0.26
0.27
0.32
0.32
0.3
1.52
2.74
2.61
2.47
2.22
1.97
2.63
2.63
1.77
1.77
1.52
1.27
1.3
1.31
1.32
1.3
1.34
1.36
1.34
1.37
1.4
1.39
1.32
0.82
0.32
0.26
0.26
0.3
0.3
0.26
0.26
0.34
0.3
0.27
0.26
0.28
0.29
0.28
0.28
0.32
0.45
0.58
0.56
0.54
0.43
0.39
0.43
0.36
0.3
0.3
0.32
0.33
0.33
0.63
0.93
1.15
1.36
1.62
1.87
1.63
1.39
1.42
1.45
1.63
1.8
2.26
2.72
3.03
3.34
3.2
3.06
2.8
3.07
3.33
3.17
2.88
2.59
2.99
3.39
2.9
2.4
2.48
2.82
3.15
3.06
2.96
2.96
2.96
2.81
2.81
2.38
1.93
1.47
1.42
1.36
1.34
1.4
1.46
0.98
0.5
0.44
0.36
0.29
0.23
