"Var1"
1.17
1.48
1.79
2.09
2.4
2.39
2.39
2.44
2.43
2.36
2.33
2.35
2.39
2.38
2.39
2.4
2.41
2.38
2.41
2.44
2.47
2.42
2.4
2.39
2.4
2.39
2.4
2.41
2.41
2.38
2.39
2.38
2.4
2.4
2.43
2.42
2.39
2.37
2.39
2.39
2.36
2.35
2.36
2.36
2.31
2.31
2.35
2.38
2.35
2.33
2.35
2.34
2.3
2.3
2.33
2.33
2.28
2.29
2.4
2.6
2.97
3.35
3.07
2.78
2.78
0.5
0.5
0.34
0.28
0.31
0.37
0.36
0.33
0.34
0.38
0.39
0.36
0.36
0.35
0.34
0.29
0.31
0.34
0.33
0.3
0.32
0.38
0.41
0.43
0.48
0.52
0.49
0.43
0.44
0.46
0.45
0.41
0.44
0.5
0.88
1.3
1.55
1.71
1.87
2.11
2.35
2.39
2.45
2.5
2.52
2.4
2.29
2.23
2.45
2.67
2.67
1.34
1.34
1.38
1.38
1.75
2.12
3.17
4.22
4.15
3.06
1.96
2.08
2.21
2.69
3.17
3.48
3.79
3.06
2.33
2.09
1.86
1.8
1.74
1.68
1.69
1.69
1.7
1.71
