"Var1"
0.59
0.47
0.35
0.3
0.24
0.24
0.31
0.28
0.24
0.24
0.27
0.29
0.31
0.22
0.3
0.37
0.34
0.31
0.31
0.34
0.35
0.32
0.26
0.24
0.31
0.27
0.24
0.23
0.26
0.3
0.3
0.25
0.25
0.29
0.31
0.33
0.31
0.33
0.36
0.38
1.36
2.34
3.13
3.93
3.21
2.49
2.63
2.16
1.7
1.49
1.29
1.34
1.39
1.44
1.44
1.43
1.42
1.39
1.36
1.35
1.36
1.38
1.35
1.35
1.35
1.34
1.32
1.33
1.35
1.38
1.07
0.75
0.58
0.41
0.36
0.34
0.34
0.33
0.3
0.3
0.3
0.3
0.29
0.27
0.27
0.3
0.3
0.28
0.27
0.29
0.33
0.33
0.33
0.35
0.38
0.37
0.31
0.28
0.28
0.29
0.29
0.25
0.24
0.28
0.33
0.27
0.28
0.36
0.34
0.32
1.52
2.73
2.8
2.88
3.22
4.99
6.76
5.26
3.76
3.44
3.11
2.6
2.08
1.61
1.14
1.24
1.45
1.67
1.5
2.55
3.61
4
4.45
4.82
3.6
2.39
2.13
1.89
1.89
1.37
1.37
0.83
0.29
0.36
