"Var1"
1.51
1.59
1.56
1.53
1.89
2.26
1.41
0.88
0.34
0.33
0.32
0.32
0.31
0.34
0.36
0.31
0.26
0.3
0.35
0.34
0.32
0.35
0.38
0.34
0.3
0.31
0.32
0.32
0.29
0.29
0.29
0.26
0.26
0.25
0.27
0.28
0.27
0.3
0.33
0.34
0.36
0.36
0.37
0.37
1.31
2.26
2.35
2.43
2.34
2.24
2.19
2.15
2.12
2.09
1.98
1.73
1.47
1.45
1.42
1.57
1.72
1.61
1.5
1.95
2.39
2.84
3.29
3
3
1.33
1.33
1.32
1.3
1.35
1.41
1.41
1.47
1.47
1.44
1.44
1.64
1.64
1.82
1.99
1.74
1.49
2.08
2.67
2.5
2.34
1.99
1.63
1.71
1.71
4.47
4.47
3.9
3.34
2.94
2.54
2.05
1.57
1.49
1.4
1.4
2.09
2.78
2.65
2.48
2.31
2.23
2.14
2.05
1.85
1.66
2.18
2.71
2.85
2.84
2.83
2.59
2.35
1.69
1.57
1.45
1.65
1.86
1.86
1.36
1.36
2
2.65
2.41
2.18
1.82
1.45
0.94
0.63
0.31
0.42
0.43
0.44
0.35
0.27
