"Var1"
0.22
0.33
0.29
0.25
0.25
0.29
0.26
0.23
0.24
0.28
0.28
0.28
0.29
0.28
0.27
0.27
0.25
0.27
0.29
0.28
0.26
0.29
0.3
0.3
0.25
0.25
0.8
1.35
1.18
1
0.67
0.34
0.3
0.3
0.3
0.3
0.26
0.27
0.29
0.3
1.84
3.38
3.12
2.85
2.75
3.02
3.29
2.9
2.5
2.06
1.61
1.6
1.6
1.57
1.54
1.54
1.51
1.49
1.5
1.51
1.51
1.52
1.56
1.54
1.52
1.49
1.52
1.52
1.51
1.5
1.53
1.55
1.56
1.4
1.24
1.02
0.79
0.59
0.47
0.46
0.46
0.46
0.47
0.5
0.48
0.46
0.44
0.45
0.45
0.45
0.44
0.45
0.49
0.5
0.48
0.46
0.47
0.45
0.44
0.44
0.47
0.48
0.63
0.78
0.78
2.18
2.18
2.66
3.13
3.23
3.34
3.12
2.91
2.71
2.51
2.73
2.95
2.95
1.01
1.01
1.5
1.99
2.43
2.88
3.12
3.35
3.69
4.03
2.88
1.73
2.41
3.08
1.99
0.89
0.85
0.82
0.69
0.56
0.44
0.42
0.41
0.41
0.38
0.33
